t # 0
v 0 1
v 1 1
v 2 0
v 3 0
v 4 1
v 5 0
v 6 1
v 7 0
e 0 1 1
e 0 2 2
e 0 3 2
e 0 4 2
e 0 5 2
e 1 4 2
e 1 3 2
e 1 2 1
e 1 6 1
e 2 3 2
e 2 4 2
e 3 4 3
e 3 7 1
e 3 5 1
e 4 6 2
e 4 5 2
e 4 7 1
t # 1
v 0 0
v 1 0
v 2 0
v 3 2
v 4 1
v 5 1
e 0 1 3
e 0 2 2
e 0 3 2
e 0 4 2
e 1 3 2
e 1 4 1
e 1 5 1
e 2 4 1
e 2 3 1
e 3 4 2
e 3 5 2
e 4 5 2
t # 2
v 0 0
v 1 1
v 2 0
v 3 1
v 4 1
v 5 0
v 6 0
e 0 1 2
e 0 2 2
e 0 3 1
e 1 4 2
e 1 2 2
e 1 5 1
e 1 3 2
e 1 6 1
e 2 5 1
e 2 3 2
e 2 6 1
e 3 5 2
e 3 6 1
t # 3
v 0 1
v 1 0
v 2 0
v 3 1
e 0 1 2
e 0 2 2
e 0 3 1
e 1 2 3
e 1 3 1
e 2 3 1
t # 4
v 0 0
v 1 1
v 2 0
v 3 0
v 4 2
v 5 0
e 0 1 3
e 0 2 3
e 0 3 1
e 0 4 1
e 0 5 1
e 1 2 3
e 3 4 1
t # 5
v 0 0
v 1 0
v 2 1
v 3 1
v 4 1
v 5 2
e 0 1 2
e 0 2 2
e 0 3 2
e 1 3 2
e 1 2 1
e 1 4 1
e 2 3 2
e 2 5 1
e 3 4 2
e 3 5 1
t # 6
v 0 0
v 1 1
v 2 1
v 3 1
v 4 0
v 5 0
v 6 2
v 7 0
e 0 1 3
e 0 2 1
e 0 3 2
e 0 4 2
e 0 5 2
e 0 6 1
e 1 2 2
e 1 3 2
e 1 7 2
e 1 4 2
e 2 3 1
e 2 7 2
e 3 7 1
e 3 4 2
e 4 5 1
e 4 6 1
e 5 6 1
t # 7
v 0 1
v 1 1
v 2 0
v 3 0
e 0 1 2
e 0 2 2
e 0 3 1
e 1 2 1
e 2 3 2
t # 8
v 0 0
v 1 0
v 2 1
v 3 1
v 4 1
v 5 0
e 0 1 3
e 0 2 2
e 0 3 2
e 0 4 2
e 1 2 2
e 1 4 2
e 1 3 2
e 2 3 3
e 2 4 2
e 2 5 2
e 3 4 2
e 3 5 2
e 4 5 1
t # 9
v 0 1
v 1 1
v 2 2
v 3 0
v 4 2
v 5 2
v 6 0
v 7 2
v 8 2
v 9 0
v 10 0
v 11 2
v 12 0
e 0 1 3
e 0 2 3
e 0 3 3
e 0 4 3
e 0 5 1
e 0 6 1
e 0 7 1
e 0 8 2
e 0 9 2
e 0 10 2
e 0 11 1
e 1 2 3
e 1 3 3
e 1 4 2
e 1 8 2
e 1 7 1
e 1 10 2
e 1 9 1
e 2 10 2
e 2 4 3
e 2 6 1
e 2 7 2
e 2 3 3
e 2 9 2
e 2 8 2
e 2 12 1
e 2 11 1
e 3 10 2
e 3 4 2
e 3 7 1
e 3 8 2
e 3 9 2
e 3 11 1
e 4 10 2
e 4 6 1
e 4 8 3
e 4 9 2
e 4 12 1
e 4 11 1
e 8 10 2
e 8 9 2
e 8 12 1
e 8 11 1
e 9 10 2
e 9 12 1
e 9 11 1
e 10 11 1
t # 10
v 0 2
v 1 0
v 2 1
v 3 2
v 4 1
v 5 0
v 6 0
v 7 1
v 8 0
e 0 1 2
e 0 2 1
e 0 3 1
e 1 3 2
e 1 4 1
e 1 5 1
e 1 6 1
e 1 7 1
e 1 8 1
t # 11
v 0 2
v 1 1
v 2 2
e 0 1 1
e 0 2 1
t # 12
v 0 2
v 1 0
v 2 2
v 3 2
v 4 0
v 5 2
v 6 0
v 7 1
v 8 1
v 9 0
v 10 2
v 11 2
v 12 0
v 13 2
v 14 2
v 15 2
e 0 1 2
e 0 2 3
e 0 3 1
e 0 4 2
e 0 5 2
e 0 6 1
e 0 7 1
e 0 8 1
e 0 9 1
e 0 10 1
e 0 11 2
e 0 12 1
e 0 13 1
e 0 14 2
e 0 15 1
e 1 5 1
e 1 4 1
e 1 6 1
e 1 7 1
e 1 8 1
e 1 9 1
e 1 10 1
e 1 11 1
e 1 12 1
e 1 2 1
e 2 3 1
e 2 4 2
e 2 5 1
e 2 6 1
e 2 7 1
e 2 8 1
e 2 9 1
e 2 10 1
e 2 11 2
e 2 12 1
e 2 13 1
e 2 14 2
e 2 15 1
e 4 5 1
e 4 6 1
e 4 7 1
e 4 8 1
e 4 9 1
e 4 10 1
e 4 11 2
e 4 12 1
e 4 15 1
e 4 14 2
e 5 6 1
e 5 7 1
e 5 8 1
e 5 9 1
e 5 10 1
e 5 11 1
e 5 12 1
e 6 7 1
e 6 8 1
e 6 9 1
e 6 10 1
e 6 11 1
e 6 12 1
e 7 8 1
e 7 9 1
e 7 10 1
e 7 11 1
e 7 12 1
e 8 9 1
e 8 10 1
e 8 11 1
e 8 12 1
e 9 10 1
e 9 11 1
e 9 12 1
e 10 11 1
e 10 12 1
e 11 12 1
e 11 14 1
e 14 15 1
t # 13
v 0 0
v 1 1
v 2 1
v 3 0
v 4 1
e 0 1 2
e 0 2 2
e 0 3 1
e 0 4 1
e 1 2 2
e 2 3 1
t # 14
v 0 1
v 1 1
v 2 0
v 3 1
v 4 0
v 5 0
v 6 1
e 0 1 2
e 0 2 2
e 0 3 2
e 0 4 2
e 0 5 2
e 1 3 2
e 1 2 2
e 1 5 2
e 1 4 2
e 2 3 3
e 2 4 3
e 2 5 2
e 3 4 3
e 3 5 3
e 4 5 2
e 4 6 1
t # 15
v 0 1
v 1 1
v 2 0
v 3 1
v 4 0
e 0 1 3
e 0 2 2
e 0 3 2
e 0 4 2
e 1 2 2
e 1 3 3
e 1 4 3
e 2 3 1
e 2 4 2
e 3 4 1
t # 16
v 0 0
v 1 0
v 2 0
v 3 0
v 4 1
v 5 0
v 6 0
v 7 1
e 0 1 2
e 0 2 2
e 0 3 3
e 0 4 2
e 0 5 1
e 0 6 1
e 1 2 3
e 1 3 2
e 1 4 2
e 1 7 1
e 1 6 2
e 1 5 2
e 2 3 2
e 2 7 1
e 3 7 2
e 3 4 3
e 3 6 2
e 3 5 2
e 4 7 2
e 4 6 1
e 4 5 1
e 5 6 3
t # 17
v 0 1
v 1 0
v 2 0
v 3 0
v 4 0
v 5 0
v 6 0
v 7 2
v 8 1
e 0 1 3
e 0 2 2
e 0 3 2
e 0 4 2
e 0 5 2
e 0 6 2
e 0 7 2
e 1 3 3
e 1 5 3
e 1 4 3
e 1 2 3
e 1 6 2
e 1 7 2
e 1 8 2
e 2 3 2
e 2 5 3
e 2 4 3
e 2 6 2
e 2 7 2
e 2 8 2
e 3 5 3
e 3 4 3
e 3 6 2
e 3 7 1
e 3 8 2
e 4 5 3
e 4 6 2
e 4 7 2
e 4 8 2
e 5 6 2
e 5 7 2
e 5 8 2
e 6 7 2
e 6 8 2
t # 18
v 0 1
v 1 1
v 2 0
v 3 2
v 4 2
v 5 2
v 6 1
v 7 2
e 0 1 2
e 0 2 2
e 0 3 1
e 0 4 1
e 0 5 1
e 0 6 2
e 0 7 1
e 1 2 2
e 1 3 1
e 1 4 1
e 1 6 1
e 1 5 1
e 2 3 1
e 2 4 1
e 2 6 1
e 2 5 1
e 3 4 1
e 5 6 2
e 6 7 1
t # 19
v 0 0
v 1 2
v 2 0
v 3 0
v 4 2
v 5 2
e 0 1 2
e 0 2 2
e 1 2 2
e 1 3 1
e 1 4 1
e 1 5 1
e 3 4 1
e 3 5 1
e 4 5 1
t # 20
v 0 1
v 1 0
v 2 1
v 3 1
v 4 1
v 5 1
v 6 0
v 7 0
v 8 2
v 9 2
v 10 2
e 0 1 1
e 0 2 2
e 0 3 2
e 0 4 2
e 0 5 2
e 0 6 2
e 0 7 1
e 2 3 2
e 2 4 2
e 2 5 2
e 2 6 1
e 2 7 1
e 3 4 2
e 3 5 2
e 3 6 1
e 3 7 1
e 4 5 2
e 4 6 1
e 4 7 1
e 5 6 1
e 5 7 1
e 6 7 1
e 7 8 1
e 7 9 1
e 7 10 1
e 8 9 1
e 8 10 1
e 9 10 1
t # 21
v 0 0
v 1 0
e 0 1 1
t # 22
v 0 0
v 1 2
v 2 0
v 3 2
v 4 2
v 5 2
v 6 2
e 0 1 1
e 0 2 1
e 0 3 1
e 0 4 1
e 0 5 1
e 0 6 1
e 1 2 1
e 1 3 1
e 1 4 1
e 1 5 1
e 1 6 1
e 2 3 1
e 2 4 1
e 2 5 1
e 2 6 1
e 3 4 1
e 3 5 1
e 3 6 1
e 4 5 1
e 4 6 1
e 5 6 1
t # 23
v 0 2
v 1 0
v 2 1
e 0 1 2
e 0 2 1
e 1 2 1
t # 24
v 0 0
v 1 2
v 2 0
v 3 0
e 0 1 2
e 0 2 1
e 0 3 1
t # 25
v 0 0
v 1 1
v 2 1
v 3 1
v 4 0
v 5 0
v 6 2
v 7 0
v 8 0
v 9 1
v 10 0
e 0 1 2
e 0 2 2
e 0 3 1
e 0 4 2
e 0 5 1
e 0 6 2
e 0 7 1
e 0 8 2
e 0 9 1
e 0 10 2
e 1 2 2
e 1 4 2
e 1 10 1
e 2 4 1
e 4 10 1
e 6 7 1
e 8 9 1
t # 26
v 0 0
v 1 2
v 2 0
v 3 0
v 4 0
e 0 1 1
e 0 2 2
e 0 3 2
e 0 4 1
e 2 3 2
e 2 4 1
e 3 4 1
t # 27
v 0 2
v 1 0
v 2 0
v 3 0
e 0 1 1
e 0 2 1
e 0 3 1
e 1 2 1
e 1 3 1
e 2 3 1
t # 28
v 0 0
v 1 0
v 2 1
v 3 1
e 0 1 1
e 0 2 1
e 0 3 1
t # 29
v 0 0
v 1 0
e 0 1 1
t # 30
v 0 0
v 1 1
v 2 2
v 3 2
v 4 1
v 5 0
v 6 1
v 7 2
v 8 0
e 0 1 1
e 0 2 2
e 0 3 2
e 0 4 2
e 0 5 2
e 0 6 1
e 0 7 1
e 0 8 1
e 1 6 1
e 1 3 1
e 1 8 1
e 2 3 2
e 2 4 2
e 2 5 2
e 2 6 1
e 2 7 1
e 2 8 1
e 3 4 2
e 3 5 2
e 3 6 2
e 3 7 1
e 3 8 2
e 4 5 2
e 4 6 1
e 4 7 1
e 4 8 1
e 5 6 1
e 5 7 1
e 5 8 1
e 6 7 1
e 6 8 2
e 7 8 1
t # 31
v 0 0
v 1 0
v 2 0
v 3 1
v 4 1
v 5 0
v 6 0
e 0 1 2
e 0 2 2
e 0 3 2
e 0 4 2
e 0 5 1
e 0 6 1
e 1 2 2
e 1 5 2
e 1 4 2
e 1 3 2
e 1 6 2
e 2 6 1
e 2 3 1
e 2 4 1
e 3 5 1
e 3 4 2
e 3 6 2
e 4 5 1
e 4 6 2
t # 32
v 0 1
v 1 1
v 2 2
v 3 2
v 4 2
v 5 2
v 6 2
v 7 2
v 8 0
v 9 0
v 10 2
e 0 1 2
e 0 2 2
e 0 3 2
e 0 4 2
e 0 5 1
e 0 6 1
e 0 7 1
e 0 8 1
e 0 9 1
e 1 7 1
e 1 3 1
e 1 2 1
e 1 8 1
e 1 9 1
e 1 4 1
e 2 3 3
e 2 4 2
e 2 5 1
e 2 6 1
e 2 9 2
e 2 8 2
e 2 7 1
e 3 4 2
e 3 5 1
e 3 6 1
e 3 9 2
e 3 8 2
e 3 7 1
e 4 5 1
e 4 7 1
e 4 8 1
e 4 9 1
e 7 8 1
e 7 9 2
e 7 10 1
e 8 9 2
e 9 10 1
t # 33
v 0 0
v 1 1
v 2 0
v 3 0
v 4 0
v 5 2
v 6 0
v 7 0
v 8 1
v 9 0
v 10 2
v 11 0
v 12 1
v 13 1
v 14 2
e 0 1 3
e 0 2 1
e 0 3 2
e 0 4 1
e 0 5 1
e 0 6 2
e 0 7 1
e 0 8 1
e 1 2 1
e 1 3 2
e 1 4 1
e 1 5 1
e 1 6 2
e 1 7 1
e 1 8 1
e 3 4 1
e 3 5 1
e 4 5 1
e 6 8 1
e 8 9 1
e 8 10 1
e 8 11 2
e 8 12 1
e 9 10 1
e 9 12 2
e 10 11 2
e 10 12 1
e 10 13 1
e 11 12 2
e 11 13 2
e 12 14 1
e 13 14 1
t # 34
v 0 0
v 1 1
v 2 2
v 3 1
v 4 0
v 5 0
v 6 1
v 7 1
v 8 0
e 0 1 3
e 0 2 3
e 0 3 2
e 0 4 3
e 0 5 3
e 0 6 2
e 0 7 2
e 0 8 1
e 1 2 3
e 1 3 2
e 1 4 3
e 1 5 3
e 1 7 2
e 1 6 2
e 1 8 1
e 2 3 2
e 2 4 3
e 2 5 3
e 2 7 2
e 2 6 2
e 2 8 1
e 3 4 2
e 3 5 2
e 3 7 2
e 3 6 2
e 3 8 1
e 4 5 3
e 4 6 2
e 4 7 2
e 4 8 1
e 5 7 2
e 5 6 2
e 5 8 1
e 6 7 2
e 7 8 1
t # 35
v 0 0
v 1 1
v 2 0
v 3 0
v 4 1
v 5 0
v 6 2
v 7 2
v 8 2
v 9 2
e 0 1 2
e 0 2 2
e 0 3 2
e 0 4 1
e 0 5 2
e 1 2 2
e 1 3 2
e 1 6 1
e 1 7 1
e 1 4 2
e 1 5 2
e 2 3 2
e 2 8 1
e 2 9 2
e 2 4 1
e 2 5 2
e 3 6 1
e 3 7 1
e 3 8 1
e 3 9 2
e 3 4 2
e 3 5 2
e 4 5 2
e 6 7 1
t # 36
v 0 0
v 1 0
v 2 2
v 3 2
v 4 1
v 5 1
v 6 1
v 7 0
v 8 2
v 9 2
v 10 2
v 11 2
v 12 2
v 13 2
e 0 1 3
e 0 2 2
e 0 3 2
e 0 4 2
e 1 2 2
e 1 3 2
e 1 5 2
e 1 6 2
e 1 7 1
e 1 4 2
e 1 8 1
e 1 9 1
e 1 10 1
e 1 11 2
e 1 12 2
e 1 13 1
e 2 3 1
e 4 12 2
e 4 11 2
e 4 13 1
e 5 6 1
e 8 9 1
e 11 12 2
e 11 13 1
e 12 13 1
t # 37
v 0 0
v 1 2
v 2 2
v 3 2
v 4 1
v 5 1
v 6 0
e 0 1 2
e 0 2 3
e 0 3 3
e 0 4 3
e 0 5 2
e 0 6 1
e 2 3 3
e 2 4 3
e 2 5 2
e 3 4 3
e 3 5 2
e 4 5 2
t # 38
v 0 0
v 1 0
v 2 0
v 3 0
v 4 2
v 5 2
v 6 2
v 7 2
e 0 1 2
e 0 2 2
e 0 3 2
e 0 4 1
e 1 2 3
e 1 3 2
e 1 4 2
e 2 3 3
e 2 4 2
e 2 5 1
e 2 6 1
e 3 4 2
e 3 7 1
e 3 5 1
e 3 6 1
e 4 7 1
e 5 6 1
t # 39
v 0 1
v 1 1
v 2 0
v 3 2
v 4 1
v 5 0
v 6 0
v 7 2
e 0 1 2
e 0 2 1
e 0 3 2
e 0 4 2
e 0 5 2
e 0 6 1
e 1 5 3
e 1 4 3
e 1 6 2
e 1 3 2
e 1 2 2
e 2 5 2
e 2 4 2
e 2 6 1
e 2 7 1
e 2 3 2
e 3 5 2
e 3 4 2
e 3 6 2
e 3 7 1
e 4 5 3
e 4 6 2
e 4 7 1
e 5 6 2
e 5 7 1
e 6 7 1
t # 40
v 0 0
v 1 0
v 2 1
v 3 0
v 4 2
v 5 0
v 6 2
v 7 2
v 8 0
v 9 0
v 10 0
v 11 0
v 12 2
e 0 1 3
e 0 2 2
e 1 3 1
e 1 2 2
e 1 4 2
e 2 6 2
e 2 7 2
e 2 4 2
e 2 8 1
e 2 10 1
e 2 11 1
e 2 9 1
e 2 12 1
e 3 5 1
e 4 6 2
e 4 7 2
e 4 8 2
e 4 9 2
e 4 10 2
e 4 11 1
e 4 12 1
e 5 6 1
e 6 7 3
e 6 8 2
e 6 9 2
e 6 10 2
e 6 11 1
e 6 12 1
e 7 8 2
e 7 9 2
e 7 10 2
e 7 11 1
e 7 12 1
e 8 10 2
e 8 11 2
e 8 9 2
e 8 12 1
e 9 10 2
e 9 11 2
e 9 12 1
e 10 11 2
e 10 12 1
e 11 12 1
t # 41
v 0 0
v 1 1
v 2 0
v 3 0
v 4 0
v 5 1
v 6 0
v 7 0
v 8 0
v 9 1
v 10 1
v 11 0
v 12 0
v 13 0
v 14 2
v 15 2
v 16 0
v 17 0
e 0 1 3
e 0 2 2
e 0 3 3
e 0 4 2
e 0 5 2
e 0 6 2
e 0 7 2
e 0 8 2
e 0 9 2
e 0 10 2
e 0 11 1
e 0 12 1
e 0 13 2
e 0 14 1
e 0 15 1
e 1 3 3
e 1 2 2
e 1 4 1
e 1 7 1
e 1 13 2
e 1 14 1
e 1 16 1
e 1 17 1
e 1 15 2
e 1 5 1
e 1 9 1
e 1 8 1
e 2 3 2
e 2 14 1
e 3 5 2
e 3 6 2
e 3 7 2
e 3 8 2
e 3 13 2
e 3 9 2
e 3 4 1
e 3 14 1
e 3 15 1
e 4 7 1
e 4 13 1
e 5 15 1
e 5 9 1
e 5 13 1
e 5 8 1
e 6 7 1
e 7 8 1
e 7 13 1
e 8 15 1
e 8 9 1
e 8 13 1
e 9 10 2
e 9 11 1
e 9 12 1
e 9 13 2
e 9 15 1
e 10 11 1
e 10 12 1
e 13 15 1
e 15 16 1
e 15 17 1
e 16 17 1
t # 42
v 0 2
v 1 2
v 2 2
v 3 2
v 4 2
v 5 0
v 6 0
v 7 0
v 8 0
v 9 2
v 10 2
v 11 2
v 12 1
e 0 1 1
e 1 2 2
e 1 3 2
e 1 4 2
e 1 5 2
e 1 6 2
e 1 7 2
e 2 3 2
e 2 4 1
e 3 4 3
e 3 6 2
e 3 8 1
e 3 9 2
e 3 5 2
e 3 7 2
e 3 10 3
e 3 11 2
e 3 12 2
e 4 6 3
e 4 5 3
e 4 7 2
e 4 9 2
e 4 10 2
e 4 11 2
e 4 12 2
e 5 6 2
e 5 10 2
e 5 12 1
e 5 7 3
e 5 9 2
e 5 11 1
e 6 7 2
e 6 9 2
e 6 11 1
e 6 10 2
e 6 12 1
e 7 10 1
e 7 9 2
e 7 11 1
e 9 10 2
e 9 11 1
e 10 12 2
e 10 11 1
e 11 12 1
t # 43
v 0 2
v 1 2
v 2 2
v 3 2
v 4 2
v 5 0
v 6 0
v 7 0
v 8 0
v 9 2
v 10 2
v 11 2
v 12 2
v 13 2
v 14 1
e 0 1 1
e 1 2 2
e 1 3 2
e 1 4 2
e 1 5 2
e 1 6 2
e 1 7 2
e 2 3 2
e 2 4 1
e 3 4 3
e 3 6 2
e 3 8 1
e 3 9 2
e 3 5 2
e 3 7 2
e 3 10 2
e 3 11 2
e 3 12 1
e 3 13 1
e 3 14 2
e 4 6 3
e 4 5 3
e 4 7 2
e 4 9 2
e 4 10 2
e 4 11 2
e 4 12 1
e 4 13 1
e 4 14 2
e 5 6 2
e 5 10 2
e 5 14 1
e 5 7 3
e 5 9 2
e 5 11 1
e 5 12 1
e 5 13 1
e 6 7 2
e 6 9 2
e 6 11 1
e 6 12 1
e 6 13 1
e 6 10 2
e 6 14 1
e 7 10 1
e 7 9 2
e 7 11 1
e 7 12 1
e 7 13 1
e 9 10 2
e 9 11 1
e 9 12 1
e 9 13 1
e 10 14 2
e 10 11 1
e 11 14 1
e 11 12 1
e 11 13 1
e 12 13 1
t # 44
v 0 0
v 1 2
v 2 0
v 3 0
v 4 0
v 5 2
v 6 0
v 7 0
v 8 2
e 0 1 3
e 0 2 2
e 0 3 1
e 0 4 1
e 0 5 1
e 0 6 1
e 0 7 1
e 0 8 1
e 1 2 2
e 1 3 1
e 1 4 1
e 1 5 1
e 1 7 1
e 1 8 1
e 4 5 1
e 7 8 1
t # 45
v 0 0
v 1 0
v 2 2
v 3 2
v 4 1
v 5 1
v 6 0
v 7 0
v 8 0
e 0 1 2
e 0 2 3
e 0 3 1
e 0 4 2
e 0 5 2
e 0 6 1
e 0 7 2
e 1 2 2
e 1 7 2
e 1 4 1
e 1 5 1
e 2 3 2
e 2 4 2
e 2 5 2
e 2 6 1
e 2 8 1
e 2 7 2
e 4 5 2
e 4 7 1
e 5 7 1
t # 46
v 0 0
v 1 0
v 2 0
v 3 0
v 4 0
v 5 1
v 6 1
v 7 0
v 8 2
v 9 0
v 10 0
v 11 1
v 12 0
e 0 1 2
e 0 2 2
e 0 3 1
e 0 4 1
e 0 5 3
e 0 6 1
e 0 7 1
e 0 8 1
e 1 9 3
e 1 10 2
e 1 5 2
e 1 7 3
e 1 11 1
e 1 12 1
e 1 8 1
e 2 5 1
e 2 6 1
e 3 4 2
e 5 6 1
e 5 7 1
e 5 8 1
e 7 9 2
e 7 10 1
e 7 12 2
e 7 11 1
e 7 8 1
e 9 10 2
e 9 12 1
t # 47
v 0 0
v 1 0
v 2 0
v 3 2
v 4 2
v 5 0
v 6 0
v 7 0
v 8 0
v 9 0
v 10 0
v 11 0
v 12 1
v 13 1
v 14 0
e 0 1 2
e 0 2 2
e 0 3 1
e 0 4 1
e 0 5 1
e 0 6 2
e 0 7 2
e 0 8 2
e 0 9 2
e 0 10 1
e 1 2 2
e 1 3 1
e 1 4 1
e 1 5 1
e 1 10 1
e 1 8 1
e 1 9 1
e 2 5 2
e 2 3 1
e 2 4 1
e 2 6 1
e 2 7 1
e 3 5 1
e 3 4 1
e 4 5 1
e 5 11 1
e 5 12 2
e 5 13 1
e 5 14 1
e 6 7 1
e 6 14 2
e 6 10 2
e 6 8 1
e 6 9 1
e 7 8 2
e 7 9 1
e 8 9 2
e 8 14 1
e 8 10 2
e 9 14 1
e 9 10 2
e 10 12 1
e 10 13 1
e 10 11 1
e 10 14 2
e 11 12 2
e 11 13 2
e 11 14 1
e 12 13 2
e 12 14 2
e 13 14 1
t # 48
v 0 0
v 1 0
v 2 0
v 3 1
v 4 1
v 5 0
v 6 1
v 7 1
v 8 0
v 9 0
v 10 0
v 11 1
e 0 1 2
e 0 2 2
e 0 3 2
e 0 4 2
e 0 5 2
e 0 6 2
e 0 7 2
e 0 8 2
e 0 9 2
e 0 10 1
e 1 3 1
e 1 4 2
e 2 5 2
e 2 3 2
e 2 4 2
e 2 10 2
e 2 7 2
e 2 6 1
e 2 8 1
e 2 9 1
e 3 4 3
e 3 5 1
e 3 8 2
e 3 10 2
e 3 7 1
e 3 6 1
e 4 8 2
e 4 10 2
e 4 5 2
e 4 7 2
e 4 6 2
e 4 9 2
e 5 6 2
e 5 9 2
e 5 7 2
e 5 8 2
e 5 10 1
e 6 9 2
e 6 11 1
e 6 7 2
e 6 8 2
e 6 10 1
e 7 9 2
e 7 10 1
e 7 8 2
e 8 9 2
e 8 10 2
e 9 10 1
t # 49
v 0 0
v 1 0
v 2 0
v 3 0
v 4 0
v 5 0
v 6 0
v 7 2
v 8 2
v 9 2
v 10 0
v 11 0
v 12 0
v 13 0
v 14 0
v 15 0
v 16 0
v 17 2
v 18 2
v 19 2
e 0 1 2
e 0 2 1
e 0 3 2
e 0 4 1
e 0 5 2
e 0 6 1
e 0 7 1
e 0 8 1
e 0 9 1
e 0 10 2
e 1 10 1
e 1 5 1
e 1 3 1
e 2 3 1
e 2 4 1
e 2 5 1
e 2 6 1
e 3 4 1
e 3 5 2
e 3 6 1
e 3 7 1
e 3 8 1
e 3 9 1
e 3 10 2
e 4 5 1
e 4 6 1
e 5 6 1
e 5 7 1
e 5 8 1
e 5 9 1
e 5 10 2
e 7 10 2
e 7 8 2
e 7 9 2
e 7 18 1
e 8 10 2
e 8 9 2
e 8 18 1
e 9 10 2
e 9 18 1
e 10 11 2
e 10 12 1
e 10 13 2
e 10 17 1
e 10 18 1
e 10 14 1
e 10 19 1
e 11 12 2
e 11 13 2
e 11 14 1
e 11 15 1
e 11 16 1
e 13 14 2
e 13 15 1
e 13 16 1
e 13 19 1
e 14 15 1
e 14 16 1
e 14 19 1
e 15 16 1
t # 50
v 0 0
v 1 0
v 2 1
v 3 2
v 4 0
v 5 1
v 6 1
v 7 2
v 8 0
v 9 2
v 10 1
v 11 0
v 12 1
v 13 1
v 14 0
v 15 0
v 16 2
v 17 0
v 18 2
e 0 1 3
e 0 2 3
e 0 3 1
e 0 4 1
e 0 5 1
e 0 6 1
e 0 7 1
e 0 8 1
e 0 9 1
e 0 10 1
e 0 11 2
e 0 12 1
e 0 13 1
e 0 14 1
e 1 15 1
e 1 16 1
e 1 2 3
e 1 3 2
e 1 4 1
e 1 6 1
e 1 17 2
e 1 18 1
e 1 7 1
e 1 8 1
e 1 9 1
e 1 10 1
e 1 11 2
e 1 12 2
e 1 13 2
e 1 14 1
e 2 3 2
e 2 6 1
e 2 10 1
e 2 14 1
e 7 8 1
e 7 9 1
e 8 9 1
e 12 13 1
e 17 18 1
t # 51
v 0 1
v 1 1
v 2 0
e 0 1 2
e 0 2 3
e 1 2 1
t # 52
v 0 0
v 1 1
v 2 0
e 0 1 2
e 0 2 2
e 1 2 2
t # 53
v 0 0
v 1 1
e 0 1 1
t # 54
v 0 0
v 1 1
v 2 0
v 3 0
v 4 2
v 5 0
v 6 2
v 7 2
v 8 1
v 9 0
v 10 0
v 11 0
v 12 2
v 13 2
v 14 2
v 15 2
v 16 0
v 17 1
v 18 2
v 19 2
v 20 0
v 21 0
v 22 2
v 23 2
v 24 0
v 25 1
v 26 2
v 27 2
v 28 0
e 0 1 3
e 0 2 1
e 0 3 2
e 0 4 2
e 0 5 2
e 0 6 1
e 0 7 1
e 0 8 1
e 0 9 1
e 0 10 2
e 0 11 1
e 0 12 1
e 0 13 1
e 0 14 1
e 0 15 1
e 0 16 1
e 0 17 2
e 0 18 1
e 0 19 1
e 0 20 1
e 0 21 1
e 0 22 1
e 0 23 1
e 0 24 1
e 0 25 1
e 0 26 1
e 0 27 1
e 0 28 1
e 1 10 2
e 1 5 2
e 1 24 1
e 1 25 1
e 1 3 1
e 1 26 1
e 1 27 1
e 1 4 1
e 1 28 1
e 3 10 1
e 3 5 2
e 3 4 2
e 3 6 1
e 3 7 1
e 3 26 1
e 3 27 1
e 3 28 1
e 4 10 1
e 4 5 2
e 4 6 1
e 4 7 1
e 4 26 1
e 4 27 1
e 4 28 1
e 5 10 2
e 5 6 1
e 5 7 1
e 5 26 1
e 5 27 1
e 5 28 1
e 6 7 1
e 8 9 1
e 10 26 1
e 10 27 1
e 10 28 1
e 12 13 1
e 14 15 1
e 17 18 1
e 17 19 1
e 18 19 1
e 20 21 1
e 24 25 1
e 26 27 1
e 26 28 1
e 27 28 1
t # 55
v 0 0
v 1 0
v 2 1
v 3 2
v 4 0
v 5 0
v 6 2
v 7 2
v 8 2
v 9 2
v 10 1
v 11 2
v 12 1
e 0 1 1
e 1 2 2
e 1 3 1
e 1 4 1
e 1 5 1
e 1 6 1
e 1 7 1
e 1 8 1
e 1 9 1
e 1 10 1
e 2 3 1
e 2 11 1
e 2 4 1
e 2 5 1
e 2 6 1
e 2 7 1
e 2 8 1
e 2 9 1
e 2 10 1
e 3 4 1
e 3 10 1
e 3 12 1
e 4 10 2
e 4 5 1
e 4 6 1
e 4 7 1
e 4 8 1
e 4 9 1
e 5 10 1
e 5 6 1
e 5 7 1
e 5 8 1
e 5 9 1
e 6 10 1
e 6 7 1
e 6 8 1
e 6 9 1
e 7 10 1
e 7 8 1
e 7 9 1
e 8 10 1
e 8 9 1
e 9 10 1
t # 56
v 0 0
v 1 0
v 2 2
v 3 1
v 4 1
v 5 0
v 6 0
v 7 1
v 8 0
v 9 0
v 10 2
v 11 1
v 12 1
v 13 2
v 14 2
v 15 2
e 0 1 3
e 0 2 1
e 0 3 1
e 0 4 1
e 0 5 2
e 0 6 1
e 0 7 2
e 0 8 2
e 0 9 2
e 0 10 1
e 0 11 1
e 0 12 1
e 0 13 2
e 0 14 1
e 0 15 1
e 1 2 1
e 1 3 1
e 1 4 1
e 1 5 2
e 1 6 1
e 1 7 2
e 1 8 1
e 1 9 1
e 1 10 1
e 1 13 2
e 1 14 1
e 1 15 1
e 3 4 1
e 5 7 1
e 5 6 1
e 7 9 2
e 7 11 1
e 8 9 2
e 8 11 1
e 8 10 1
e 9 11 1
e 9 12 2
e 9 10 1
e 13 14 1
e 13 15 1
e 14 15 1
t # 57
v 0 1
v 1 1
v 2 1
v 3 0
v 4 0
v 5 0
v 6 0
v 7 2
e 0 1 1
e 0 2 2
e 0 3 2
e 0 4 2
e 0 5 1
e 0 6 1
e 0 7 1
e 2 3 2
e 2 4 2
e 2 5 2
e 2 7 1
e 3 4 1
e 3 6 1
e 3 7 1
e 4 5 2
e 4 7 1
e 5 7 1
e 6 7 1
t # 58
v 0 0
v 1 0
v 2 1
v 3 1
e 0 1 2
e 0 2 2
e 0 3 2
e 1 3 2
e 1 2 1
e 2 3 2
t # 59
v 0 1
v 1 0
v 2 0
v 3 2
v 4 1
v 5 0
v 6 0
v 7 2
v 8 0
v 9 1
e 0 1 2
e 1 2 2
e 1 3 2
e 1 4 1
e 2 3 2
e 2 4 1
e 2 5 2
e 3 6 2
e 3 5 2
e 3 4 1
e 3 7 1
e 4 5 2
e 4 9 2
e 5 8 2
e 6 7 1
t # 60
v 0 0
v 1 0
v 2 1
v 3 0
v 4 0
v 5 1
v 6 0
v 7 0
v 8 0
v 9 2
v 10 2
v 11 2
v 12 2
v 13 0
v 14 2
v 15 2
v 16 2
v 17 2
v 18 2
v 19 1
v 20 2
e 0 1 1
e 0 2 2
e 0 3 1
e 0 4 2
e 0 5 1
e 0 6 1
e 0 7 1
e 0 8 2
e 0 9 2
e 1 2 1
e 1 3 1
e 1 4 1
e 1 5 1
e 1 6 1
e 1 7 1
e 2 3 1
e 2 4 1
e 2 5 1
e 2 6 1
e 2 7 2
e 2 9 1
e 2 8 1
e 3 4 1
e 3 7 1
e 4 9 1
e 5 6 2
e 5 7 2
e 6 7 3
e 6 10 1
e 6 11 2
e 6 12 2
e 6 13 1
e 6 14 1
e 6 15 1
e 6 16 1
e 6 17 2
e 6 18 1
e 6 8 1
e 7 11 2
e 7 10 1
e 7 12 2
e 7 13 2
e 7 14 1
e 7 15 1
e 7 16 1
e 7 17 2
e 7 18 1
e 7 8 1
e 8 11 2
e 8 12 1
e 8 9 2
e 8 17 2
e 9 11 1
e 10 11 1
e 10 12 1
e 11 12 2
e 11 19 1
e 11 20 1
e 11 13 1
e 11 17 2
e 12 16 1
e 12 17 1
e 13 14 1
e 13 15 1
e 14 15 1
e 17 18 1
e 19 20 1
t # 61
v 0 0
v 1 0
v 2 0
v 3 0
v 4 0
v 5 0
v 6 0
v 7 1
v 8 1
v 9 1
v 10 2
v 11 2
v 12 1
v 13 2
v 14 0
v 15 2
e 0 1 3
e 0 2 2
e 0 3 2
e 0 4 1
e 0 5 2
e 0 6 1
e 0 7 2
e 0 8 2
e 0 9 2
e 0 10 1
e 1 2 1
e 1 3 2
e 1 7 3
e 1 8 2
e 1 9 3
e 1 5 2
e 1 10 1
e 1 6 1
e 1 11 1
e 2 3 2
e 2 4 1
e 2 6 2
e 3 5 2
e 3 4 2
e 3 6 3
e 3 9 2
e 3 12 1
e 3 13 1
e 3 10 1
e 3 7 2
e 3 11 1
e 4 6 2
e 5 14 1
e 5 6 3
e 5 7 2
e 5 8 2
e 5 15 1
e 5 9 3
e 5 10 1
e 5 11 1
e 6 15 1
e 6 9 2
e 6 12 1
e 6 13 1
e 6 11 1
e 6 7 1
e 7 8 2
e 7 9 3
e 7 10 1
e 7 11 1
e 8 9 3
e 9 10 1
e 9 11 1
t # 62
v 0 0
v 1 1
v 2 0
v 3 0
v 4 2
v 5 1
e 0 1 2
e 0 2 2
e 0 3 3
e 0 4 1
e 0 5 1
e 1 3 2
e 1 2 1
e 2 3 2
e 3 4 1
e 3 5 1
t # 63
v 0 2
v 1 1
v 2 0
v 3 1
v 4 0
v 5 0
v 6 0
v 7 0
v 8 0
e 0 1 2
e 0 2 2
e 0 3 2
e 0 4 2
e 0 5 2
e 0 6 1
e 0 7 1
e 1 6 2
e 1 2 2
e 1 3 2
e 1 4 2
e 1 5 2
e 1 8 1
e 1 7 1
e 2 3 2
e 2 4 2
e 2 5 2
e 2 8 1
e 2 7 1
e 3 4 2
e 3 5 2
e 3 7 1
e 4 5 2
e 4 7 1
e 5 6 2
e 5 7 2
e 5 8 2
e 7 8 2
t # 64
v 0 2
v 1 0
v 2 1
v 3 0
v 4 2
v 5 2
v 6 2
v 7 2
v 8 0
v 9 0
e 0 1 3
e 0 2 3
e 0 3 3
e 0 4 2
e 0 5 1
e 0 6 2
e 0 7 1
e 1 2 3
e 1 3 3
e 1 4 2
e 1 5 1
e 1 6 2
e 1 7 1
e 2 3 3
e 2 4 2
e 2 5 1
e 2 6 1
e 2 7 1
e 3 8 2
e 3 9 1
e 3 4 2
e 3 5 1
e 3 6 1
e 3 7 1
e 4 5 1
e 4 6 2
e 4 7 1
e 6 7 1
e 8 9 1
t # 65
v 0 0
v 1 0
v 2 1
v 3 1
v 4 1
v 5 1
v 6 1
e 0 1 2
e 0 2 1
e 0 3 1
e 0 4 1
e 1 4 2
e 1 5 2
e 1 3 2
e 1 2 2
e 2 5 2
e 2 3 2
e 2 4 2
e 2 6 1
e 3 5 2
e 3 4 2
e 4 5 2
t # 66
v 0 0
v 1 1
v 2 1
v 3 0
v 4 0
v 5 0
v 6 0
v 7 2
v 8 2
v 9 1
e 0 1 2
e 0 2 2
e 0 3 2
e 0 4 1
e 0 5 2
e 0 6 2
e 0 7 1
e 0 8 1
e 0 9 1
e 1 2 2
e 1 6 2
e 1 3 2
e 1 5 1
e 2 6 2
e 2 3 2
e 2 5 1
e 3 6 2
e 3 4 2
e 3 5 2
e 4 6 1
e 5 6 2
e 7 8 1
e 7 9 1
e 8 9 1
t # 67
v 0 0
v 1 0
v 2 0
v 3 0
v 4 0
v 5 1
v 6 2
v 7 0
v 8 2
e 0 1 1
e 0 2 2
e 0 3 3
e 0 4 2
e 0 5 2
e 0 6 3
e 0 7 2
e 0 8 1
e 2 6 3
e 2 3 3
e 2 4 2
e 2 5 2
e 2 7 2
e 2 8 1
e 3 6 3
e 3 4 2
e 3 5 2
e 3 7 2
e 3 8 1
e 4 6 2
e 4 7 2
e 4 5 1
e 5 6 2
e 5 7 2
e 5 8 1
e 6 7 2
e 6 8 1
e 7 8 1
t # 68
v 0 1
v 1 1
v 2 0
v 3 2
v 4 0
v 5 0
v 6 2
v 7 1
e 0 1 2
e 1 2 3
e 1 3 1
e 1 4 2
e 1 5 2
e 1 6 2
e 2 3 2
e 2 7 1
e 2 4 2
e 2 5 2
e 2 6 1
e 3 7 1
e 4 5 2
e 4 6 1
e 5 6 1
t # 69
v 0 0
v 1 1
v 2 2
v 3 2
v 4 0
v 5 0
v 6 2
v 7 2
v 8 2
v 9 2
e 0 1 2
e 0 2 1
e 0 3 1
e 0 4 1
e 0 5 1
e 1 6 2
e 1 7 1
e 1 8 1
e 1 5 1
e 3 4 1
e 4 9 1
t # 70
v 0 0
v 1 0
v 2 0
v 3 0
v 4 2
v 5 0
v 6 2
e 0 1 2
e 0 2 1
e 0 3 2
e 0 4 1
e 1 2 1
e 1 3 2
e 1 4 2
e 2 3 1
e 2 4 1
e 3 4 2
e 3 5 1
e 3 6 1
e 5 6 1
t # 71
v 0 2
v 1 2
v 2 0
v 3 2
v 4 0
v 5 0
v 6 0
e 0 1 2
e 0 2 2
e 0 3 2
e 0 4 2
e 0 5 2
e 0 6 1
e 1 2 1
e 1 3 2
e 1 5 1
e 1 4 1
e 2 3 2
e 2 5 1
e 3 5 2
e 3 6 2
e 3 4 2
e 4 5 1
e 4 6 2
e 5 6 1
t # 72
v 0 2
v 1 0
v 2 0
v 3 0
v 4 0
e 0 1 2
e 1 2 1
e 1 3 1
e 1 4 1
t # 73
v 0 1
v 1 1
v 2 1
v 3 0
e 0 1 2
e 0 2 1
e 0 3 1
e 1 3 2
e 1 2 2
e 2 3 2
t # 74
v 0 2
v 1 2
v 2 2
e 0 1 1
e 0 2 1
e 1 2 1
t # 75
v 0 0
v 1 0
v 2 0
e 0 1 2
e 0 2 2
e 1 2 2
t # 76
v 0 0
v 1 0
v 2 2
v 3 2
v 4 2
e 0 1 2
e 1 2 1
e 1 3 1
e 1 4 1
t # 77
v 0 0
v 1 0
v 2 1
v 3 2
v 4 0
v 5 2
e 0 1 2
e 0 2 1
e 0 3 1
e 0 4 1
e 0 5 1
e 2 3 1
e 4 5 1
t # 78
v 0 0
v 1 1
v 2 0
v 3 0
e 0 1 2
e 0 2 2
e 0 3 2
e 1 2 2
e 1 3 2
e 2 3 1
t # 79
v 0 1
v 1 1
v 2 1
e 0 1 3
e 0 2 2
e 1 2 2
t # 80
v 0 1
v 1 1
v 2 1
e 0 1 2
e 0 2 2
e 1 2 2
t # 81
v 0 1
v 1 1
e 0 1 2
t # 82
v 0 2
v 1 0
v 2 0
v 3 0
v 4 1
v 5 1
v 6 1
v 7 0
v 8 0
v 9 2
e 0 1 2
e 0 2 2
e 0 3 2
e 0 4 2
e 0 5 2
e 0 6 1
e 0 7 2
e 0 8 1
e 1 2 2
e 1 3 2
e 1 4 2
e 1 6 1
e 1 7 2
e 1 9 1
e 1 8 1
e 1 5 1
e 2 3 2
e 2 4 2
e 2 7 2
e 2 6 2
e 2 9 1
e 2 8 2
e 2 5 2
e 3 4 2
e 3 7 2
e 3 6 1
e 3 9 1
e 3 8 1
e 4 6 1
e 4 7 2
e 4 9 1
e 4 8 1
e 4 5 1
e 5 6 1
e 5 7 2
e 5 8 1
e 6 7 2
e 6 9 1
e 6 8 2
e 7 9 1
e 7 8 2
e 8 9 1
t # 83
v 0 0
v 1 0
v 2 0
v 3 0
v 4 0
v 5 0
e 0 1 1
e 0 2 1
e 0 3 2
e 0 4 2
e 0 5 1
e 1 2 1
e 3 4 2
e 3 5 1
e 4 5 2
t # 84
v 0 1
v 1 1
v 2 1
v 3 1
e 0 1 2
e 0 2 2
e 0 3 2
e 1 2 2
e 1 3 2
e 2 3 2
t # 85
v 0 0
v 1 0
v 2 0
v 3 0
v 4 0
v 5 0
e 0 1 1
e 0 2 1
e 0 3 2
e 0 4 2
e 0 5 1
e 1 2 1
e 3 4 2
e 3 5 1
e 4 5 2
t # 86
v 0 1
v 1 1
v 2 1
e 0 1 2
e 0 2 2
e 1 2 1
t # 87
v 0 0
v 1 0
v 2 0
v 3 1
v 4 0
v 5 1
v 6 1
v 7 0
v 8 0
v 9 2
v 10 2
e 0 1 2
e 0 2 2
e 0 3 2
e 0 4 1
e 1 2 1
e 1 3 1
e 2 3 1
e 2 5 1
e 2 6 1
e 2 7 1
e 3 5 3
e 3 6 2
e 3 7 1
e 3 8 1
e 5 6 2
e 6 7 1
e 6 9 1
e 7 9 3
e 7 10 1
e 7 8 2
e 8 9 2
t # 88
v 0 0
v 1 1
v 2 0
v 3 0
v 4 1
v 5 1
v 6 2
v 7 0
v 8 0
v 9 0
v 10 2
v 11 0
e 0 1 2
e 0 2 2
e 0 3 2
e 0 4 2
e 0 5 2
e 0 6 2
e 0 7 2
e 0 8 2
e 0 9 1
e 1 2 1
e 1 3 1
e 1 4 1
e 1 5 1
e 2 6 1
e 2 9 1
e 3 4 2
e 3 5 1
e 3 6 2
e 4 5 2
e 4 6 2
e 4 9 1
e 5 6 2
e 5 9 1
e 6 9 2
e 7 8 3
e 7 10 1
e 7 11 1
e 8 10 1
e 8 11 1
t # 89
v 0 1
v 1 1
v 2 1
v 3 1
v 4 0
v 5 0
v 6 0
v 7 2
e 0 1 2
e 0 2 1
e 0 3 2
e 0 4 2
e 0 5 1
e 0 6 1
e 1 2 2
e 1 3 2
e 1 4 2
e 1 5 1
e 1 6 1
e 1 7 1
e 2 5 1
e 2 4 2
e 2 7 1
e 3 5 1
e 3 4 2
e 3 6 1
e 4 5 2
e 4 6 1
e 4 7 1
e 5 6 2
t # 90
v 0 0
v 1 0
v 2 0
v 3 0
v 4 0
v 5 1
v 6 2
v 7 1
v 8 0
v 9 0
v 10 1
v 11 1
e 0 1 2
e 0 2 1
e 0 3 2
e 0 4 2
e 0 5 3
e 0 6 1
e 1 2 1
e 1 5 2
e 1 7 1
e 2 8 1
e 3 4 2
e 3 9 2
e 3 10 2
e 3 8 1
e 3 5 2
e 4 10 1
e 4 5 1
e 5 9 1
e 5 7 2
e 8 10 1
e 10 11 2
t # 91
v 0 2
v 1 2
v 2 1
v 3 0
v 4 0
v 5 0
v 6 1
v 7 0
e 0 1 2
e 0 2 2
e 0 3 2
e 0 4 2
e 0 5 2
e 0 6 1
e 1 6 2
e 1 4 1
e 1 5 2
e 1 3 2
e 1 2 1
e 3 4 1
e 3 5 1
e 4 7 2
t # 92
v 0 1
v 1 0
v 2 2
v 3 2
v 4 1
v 5 1
e 0 1 3
e 0 2 3
e 0 3 2
e 0 4 2
e 1 2 2
e 1 3 2
e 1 4 2
e 2 3 3
e 2 4 3
e 2 5 2
e 3 4 2
e 3 5 1
e 4 5 2
t # 93
v 0 0
v 1 2
v 2 2
v 3 2
v 4 1
v 5 1
v 6 2
v 7 2
v 8 2
v 9 2
v 10 2
v 11 2
v 12 0
v 13 2
e 0 1 1
e 0 2 1
e 0 3 1
e 0 4 1
e 0 5 1
e 0 6 1
e 0 7 1
e 0 8 1
e 0 9 1
e 0 10 1
e 0 11 1
e 0 12 1
e 0 13 1
e 1 2 1
e 1 3 1
e 1 4 1
e 1 5 1
e 1 6 1
e 1 7 1
e 1 8 1
e 1 9 1
e 1 10 1
e 1 11 1
e 1 12 1
e 1 13 1
e 2 3 1
e 2 4 1
e 2 5 1
e 2 6 1
e 2 7 1
e 2 8 1
e 2 9 1
e 2 10 1
e 2 11 1
e 2 12 1
e 2 13 1
e 3 4 1
e 3 5 1
e 3 6 1
e 3 7 1
e 3 8 1
e 3 9 1
e 3 10 1
e 3 11 1
e 3 12 1
e 3 13 1
e 4 5 1
e 4 6 1
e 4 7 1
e 4 8 1
e 4 9 1
e 4 10 1
e 4 11 1
e 4 12 1
e 4 13 1
e 5 6 1
e 5 7 1
e 5 8 1
e 5 9 1
e 5 10 1
e 5 11 1
e 5 12 1
e 5 13 1
e 6 7 1
e 6 8 1
e 6 9 1
e 6 10 1
e 6 11 1
e 6 12 1
e 6 13 1
e 7 8 1
e 7 9 1
e 7 10 1
e 7 11 1
e 7 12 1
e 7 13 1
e 8 9 1
e 8 10 1
e 8 11 1
e 8 12 1
e 8 13 1
e 9 10 1
e 9 11 1
e 9 12 1
e 9 13 1
e 10 11 1
e 10 12 1
e 10 13 1
e 11 12 1
e 11 13 1
e 12 13 1
t # 94
v 0 0
v 1 0
e 0 1 1
t # 95
v 0 0
v 1 0
e 0 1 1
t # 96
v 0 2
v 1 1
v 2 0
v 3 2
v 4 2
v 5 2
v 6 0
v 7 2
v 8 2
v 9 2
v 10 2
v 11 0
e 0 1 1
e 0 2 1
e 1 2 2
e 1 3 1
e 1 4 1
e 1 5 1
e 2 3 2
e 2 4 2
e 2 5 2
e 2 6 1
e 2 7 1
e 2 8 1
e 2 9 1
e 3 4 3
e 3 5 2
e 3 6 2
e 3 7 1
e 3 8 1
e 3 9 1
e 3 10 1
e 3 11 1
e 4 5 2
e 4 6 2
e 4 7 1
e 4 8 1
e 4 10 1
e 4 11 1
e 5 6 2
e 5 7 1
e 5 8 1
e 5 11 1
e 6 7 1
e 6 8 1
e 6 10 1
e 7 8 1
t # 97
v 0 0
v 1 1
v 2 0
e 0 1 1
e 0 2 1
e 1 2 1
t # 98
v 0 2
v 1 1
v 2 2
v 3 2
e 0 1 1
e 0 2 1
e 0 3 1
e 1 2 1
e 1 3 1
e 2 3 1
t # 99
v 0 2
v 1 2
v 2 2
v 3 2
e 0 1 1
e 0 2 1
e 1 3 1
e 1 2 2
e 2 3 1
t # 100
v 0 1
v 1 1
v 2 1
v 3 2
v 4 0
v 5 1
e 0 1 1
e 0 2 1
e 2 3 1
e 2 4 1
e 2 5 1
e 3 4 1
e 3 5 1
e 4 5 2
t # 101
v 0 0
v 1 0
v 2 0
e 0 1 1
e 0 2 1
e 1 2 1
t # 102
v 0 0
v 1 0
v 2 2
v 3 1
v 4 0
v 5 2
e 0 1 1
e 0 2 1
e 0 3 1
e 0 4 1
e 0 5 1
e 1 2 1
e 1 3 1
e 1 4 1
e 1 5 1
e 2 3 1
e 2 4 1
e 2 5 1
e 3 4 1
e 3 5 1
e 4 5 1
t # 103
v 0 1
v 1 0
v 2 2
v 3 0
v 4 0
e 0 1 2
e 0 2 1
e 0 3 1
e 0 4 1
e 1 2 1
e 3 4 1
t # 104
v 0 0
v 1 0
v 2 1
v 3 1
v 4 0
v 5 0
e 0 1 1
e 0 2 1
e 0 3 1
e 0 4 1
e 0 5 1
e 1 2 1
e 1 3 1
e 1 4 1
e 1 5 1
e 2 3 1
e 2 4 1
e 2 5 1
e 3 4 1
e 3 5 1
e 4 5 1
t # 105
v 0 0
v 1 1
v 2 2
v 3 0
v 4 0
v 5 0
v 6 0
e 0 1 1
e 0 2 1
e 0 3 1
e 0 4 1
e 0 5 1
e 0 6 1
e 1 2 1
e 1 3 1
e 1 4 1
e 1 5 1
e 1 6 1
e 2 3 1
e 2 4 1
e 2 5 1
e 2 6 1
e 3 4 1
e 3 5 1
e 3 6 1
e 4 5 1
e 4 6 1
e 5 6 1
t # 106
v 0 2
v 1 1
v 2 1
v 3 0
v 4 2
v 5 2
v 6 2
v 7 1
e 0 1 3
e 0 2 2
e 0 3 2
e 0 4 1
e 0 5 2
e 0 6 1
e 0 7 1
e 1 2 2
e 1 5 2
e 1 6 1
e 1 7 1
t # 107
v 0 0
v 1 0
v 2 0
v 3 1
e 0 1 1
e 0 2 1
e 0 3 1
e 1 2 1
e 1 3 1
e 2 3 1
t # 108
v 0 0
v 1 0
v 2 1
v 3 1
v 4 0
v 5 2
v 6 0
v 7 1
v 8 1
e 0 1 2
e 0 2 2
e 0 3 2
e 0 4 2
e 0 5 2
e 0 6 2
e 0 7 2
e 0 8 1
e 1 2 1
e 1 3 2
e 1 4 2
e 2 3 2
e 2 4 2
e 2 6 1
e 3 4 2
e 3 5 1
e 3 6 1
e 4 6 1
e 5 6 1
e 5 7 1
e 6 7 2
e 6 8 1
e 7 8 1
t # 109
v 0 0
v 1 0
v 2 0
v 3 1
v 4 0
v 5 1
e 0 1 1
e 0 2 2
e 0 3 2
e 0 4 2
e 0 5 1
e 1 2 1
e 1 4 1
e 2 3 2
e 2 4 2
e 2 5 1
e 3 4 2
e 3 5 1
e 4 5 1
t # 110
v 0 0
v 1 1
v 2 0
v 3 0
v 4 0
v 5 0
v 6 0
e 0 1 3
e 0 2 2
e 0 3 2
e 0 4 2
e 0 5 1
e 0 6 1
e 1 3 2
e 1 4 2
e 1 2 2
e 1 5 1
e 1 6 1
e 2 6 2
e 2 3 1
e 2 4 1
e 3 4 2
e 3 5 1
e 4 5 1
t # 111
v 0 0
v 1 1
v 2 2
v 3 1
v 4 2
v 5 0
v 6 1
v 7 1
v 8 2
e 0 1 2
e 0 2 2
e 0 3 2
e 0 4 1
e 0 5 2
e 0 6 2
e 0 7 1
e 0 8 1
e 1 2 2
e 1 4 2
e 1 3 2
e 1 5 2
e 1 6 2
e 1 7 1
e 1 8 1
e 2 4 2
e 2 3 2
e 2 5 1
e 2 6 1
e 3 4 1
e 3 5 2
e 3 6 2
e 3 7 1
e 3 8 1
e 5 6 2
e 5 7 1
e 5 8 1
e 6 7 1
e 6 8 1
e 7 8 1
t # 112
v 0 0
v 1 1
v 2 0
v 3 0
v 4 0
v 5 0
v 6 0
v 7 0
v 8 0
v 9 0
v 10 0
v 11 0
v 12 0
e 0 1 3
e 0 2 3
e 0 3 3
e 0 4 3
e 0 5 1
e 0 6 2
e 0 7 3
e 0 8 2
e 0 9 2
e 0 10 1
e 0 11 1
e 1 2 3
e 1 3 3
e 1 4 3
e 1 5 1
e 1 6 2
e 1 7 3
e 1 8 2
e 1 9 2
e 1 10 1
e 1 11 1
e 2 3 3
e 2 4 3
e 2 5 1
e 2 6 2
e 2 8 2
e 2 12 1
e 2 9 3
e 2 10 1
e 2 7 2
e 2 11 1
e 3 4 2
e 3 6 1
e 3 10 1
e 3 7 2
e 3 9 1
e 4 5 1
e 4 6 2
e 4 7 3
e 4 8 2
e 4 10 2
e 4 9 2
e 4 11 1
e 5 6 1
e 6 10 1
e 6 7 2
e 6 11 1
e 6 9 1
e 7 8 2
e 7 9 2
e 7 10 1
e 7 11 1
e 8 9 1
e 9 12 1
e 9 11 1
t # 113
v 0 0
v 1 1
v 2 2
v 3 1
v 4 0
v 5 0
e 0 1 2
e 0 2 1
e 0 3 2
e 0 4 2
e 0 5 1
e 1 2 1
e 1 3 3
e 1 5 2
e 1 4 2
e 3 5 2
e 3 4 2
e 4 5 1
t # 114
v 0 0
v 1 1
v 2 1
v 3 0
v 4 2
v 5 2
v 6 2
v 7 2
v 8 2
v 9 0
e 0 1 1
e 0 2 1
e 0 3 1
e 0 4 1
e 0 5 1
e 0 6 1
e 0 7 1
e 0 8 1
e 1 2 1
e 1 3 2
e 1 4 1
e 1 5 1
e 1 6 1
e 1 7 1
e 1 8 1
e 1 9 1
e 2 3 1
e 2 4 1
e 2 5 1
e 2 6 1
e 2 7 1
e 2 8 1
e 3 4 1
e 3 5 1
e 3 6 1
e 3 7 1
e 3 8 1
e 3 9 1
e 4 5 1
e 4 6 1
e 4 7 1
e 4 8 1
e 5 6 1
e 5 7 1
e 5 8 1
e 6 7 1
e 6 8 1
e 7 8 1
t # 115
v 0 2
v 1 0
v 2 0
v 3 0
v 4 2
v 5 0
v 6 1
v 7 0
v 8 2
v 9 2
v 10 2
e 0 1 2
e 0 2 2
e 0 3 2
e 0 4 1
e 0 5 1
e 0 6 1
e 0 7 1
e 0 8 1
e 0 9 1
e 0 10 1
e 1 2 1
e 1 3 1
e 6 7 1
e 6 8 1
e 7 8 1
t # 116
v 0 0
v 1 1
v 2 0
v 3 0
v 4 2
v 5 2
v 6 0
e 0 1 2
e 0 2 2
e 0 3 2
e 0 4 2
e 0 5 1
e 0 6 1
e 1 3 1
e 1 4 1
e 2 3 1
e 3 6 1
e 3 5 1
e 3 4 2
e 4 5 2
t # 117
v 0 1
v 1 0
v 2 0
v 3 0
v 4 0
v 5 0
v 6 1
v 7 0
v 8 0
v 9 1
e 0 1 3
e 0 2 2
e 0 3 2
e 0 4 2
e 0 5 1
e 0 6 1
e 0 7 1
e 0 8 1
e 0 9 1
e 1 2 2
e 1 8 2
e 1 3 2
e 1 5 2
e 1 4 2
e 1 6 1
e 1 7 1
e 1 9 1
e 2 7 2
e 2 5 2
e 2 6 1
e 2 3 1
e 2 8 1
e 2 9 1
e 2 4 1
e 3 8 2
e 3 4 2
e 3 5 1
e 3 6 1
e 3 7 1
e 3 9 1
e 4 8 1
e 4 7 1
e 4 9 1
e 4 5 1
e 4 6 1
e 5 8 1
e 5 7 1
e 5 9 2
e 5 6 1
e 6 8 1
e 6 7 2
e 6 9 1
e 7 8 3
e 7 9 2
e 8 9 2
t # 118
v 0 1
v 1 0
v 2 0
v 3 0
v 4 0
v 5 0
v 6 0
v 7 0
v 8 0
v 9 1
v 10 1
v 11 1
v 12 2
v 13 2
e 0 1 2
e 0 2 2
e 0 3 2
e 0 4 2
e 0 5 2
e 0 6 2
e 0 7 1
e 0 8 1
e 0 9 1
e 0 10 1
e 1 2 2
e 1 3 2
e 1 6 2
e 1 7 2
e 1 9 2
e 1 5 2
e 1 8 1
e 1 4 2
e 1 10 1
e 1 11 1
e 2 8 3
e 2 12 1
e 2 9 3
e 2 7 2
e 2 5 3
e 2 10 2
e 2 4 2
e 2 6 2
e 2 3 2
e 2 11 1
e 3 5 2
e 3 8 2
e 3 6 2
e 3 7 1
e 3 4 3
e 3 10 2
e 3 9 2
e 3 11 1
e 4 5 3
e 4 8 2
e 4 6 2
e 4 7 2
e 4 10 3
e 4 9 2
e 4 11 1
e 5 8 3
e 5 13 1
e 5 10 2
e 5 9 3
e 5 6 2
e 5 7 1
e 6 8 2
e 6 7 3
e 6 9 3
e 6 10 2
e 6 11 1
e 7 8 2
e 7 9 3
e 7 10 2
e 8 12 1
e 8 9 3
e 8 13 1
e 8 10 2
e 9 10 2
t # 119
v 0 1
v 1 2
v 2 0
v 3 0
v 4 0
v 5 2
v 6 1
v 7 0
v 8 1
v 9 2
v 10 2
v 11 2
e 0 1 2
e 0 2 1
e 0 3 2
e 0 4 2
e 0 5 1
e 0 6 1
e 0 7 1
e 1 3 2
e 1 8 1
e 1 4 2
e 1 7 2
e 1 9 1
e 1 10 1
e 1 6 1
e 2 3 1
e 2 4 2
e 2 7 1
e 2 11 1
e 2 6 1
e 3 4 2
e 3 5 1
e 3 8 2
e 3 7 1
e 3 6 1
e 3 9 1
e 3 10 1
e 4 5 1
e 4 7 2
e 4 6 3
e 4 8 2
e 4 9 1
e 4 10 1
e 4 11 1
e 6 7 2
e 6 8 1
e 6 11 1
e 7 8 1
e 9 10 1
t # 120
v 0 0
v 1 0
v 2 0
v 3 0
v 4 1
v 5 1
e 0 1 2
e 0 2 2
e 0 3 1
e 0 4 1
e 1 2 2
e 1 3 2
e 2 3 2
e 2 5 2
e 2 4 1
e 4 5 1
t # 121
v 0 0
v 1 0
v 2 0
v 3 1
v 4 1
v 5 0
v 6 1
v 7 0
v 8 2
e 0 1 3
e 0 2 3
e 0 3 2
e 0 4 2
e 0 5 2
e 0 6 2
e 0 7 1
e 1 2 2
e 1 8 1
e 1 7 2
e 1 3 2
e 1 4 2
e 1 5 2
e 1 6 3
e 2 3 2
e 2 4 2
e 2 5 2
e 2 6 2
e 2 7 1
e 3 7 2
e 3 4 2
e 3 5 2
e 3 6 2
e 4 7 2
e 4 5 2
e 4 6 3
e 5 7 2
e 5 6 2
e 6 7 1
t # 122
v 0 0
v 1 0
v 2 0
v 3 0
v 4 0
v 5 0
v 6 1
v 7 0
e 0 1 2
e 0 2 2
e 0 3 2
e 0 4 2
e 0 5 1
e 0 6 2
e 0 7 1
e 1 2 1
e 1 3 2
e 1 4 2
e 1 5 1
e 1 6 1
e 2 3 1
e 2 4 1
e 2 5 1
e 2 6 1
e 3 4 2
e 3 5 1
e 3 6 1
e 4 5 2
e 4 6 2
e 5 6 2
t # 123
v 0 0
v 1 0
e 0 1 1
t # 124
v 0 0
v 1 2
v 2 2
v 3 2
v 4 0
v 5 0
v 6 0
v 7 1
e 0 1 2
e 0 2 2
e 0 3 2
e 0 4 2
e 0 5 1
e 0 6 2
e 0 7 2
e 1 2 2
e 1 3 2
e 1 7 1
e 2 3 2
e 2 7 1
e 3 7 1
e 4 5 1
t # 125
v 0 0
v 1 1
v 2 0
v 3 2
v 4 0
e 0 1 2
e 0 2 3
e 0 3 3
e 0 4 2
e 1 2 2
e 1 3 2
e 1 4 2
e 2 3 2
e 2 4 2
e 3 4 2
t # 126
v 0 0
v 1 0
v 2 0
v 3 2
v 4 2
v 5 2
v 6 2
v 7 2
v 8 0
v 9 0
v 10 2
v 11 0
v 12 2
v 13 2
v 14 2
v 15 0
e 0 1 2
e 0 2 3
e 0 3 2
e 0 4 1
e 0 5 1
e 0 6 1
e 1 3 2
e 1 2 2
e 1 4 1
e 2 7 1
e 2 8 1
e 2 3 3
e 2 4 1
e 2 9 1
e 2 10 1
e 3 8 1
e 3 4 1
e 3 9 2
e 3 5 2
e 3 14 2
e 3 12 1
e 3 13 1
e 3 11 1
e 3 10 1
e 5 9 1
e 5 11 1
e 5 14 2
e 5 6 1
e 8 11 1
e 8 9 2
e 8 12 1
e 8 13 1
e 9 11 2
e 9 15 1
e 9 14 1
e 9 12 1
e 9 13 1
e 11 15 2
e 11 14 1
e 12 13 1
t # 127
v 0 1
v 1 1
v 2 0
v 3 0
v 4 0
v 5 0
v 6 0
e 0 1 3
e 0 2 1
e 0 3 1
e 1 4 3
e 1 3 3
e 1 5 2
e 1 6 2
e 1 2 3
e 2 4 2
e 2 3 3
e 2 6 1
e 2 5 2
e 3 4 2
e 3 6 2
e 3 5 1
e 4 5 2
e 5 6 1
t # 128
v 0 1
v 1 0
v 2 2
v 3 0
v 4 0
e 0 1 2
e 0 2 2
e 0 3 2
e 0 4 2
e 1 2 2
e 1 3 2
e 1 4 2
e 2 3 2
e 2 4 1
e 3 4 2
t # 129
v 0 0
v 1 0
v 2 1
v 3 2
v 4 2
v 5 0
v 6 0
v 7 0
v 8 2
e 0 1 3
e 0 2 3
e 0 3 2
e 0 4 1
e 0 5 1
e 0 6 1
e 0 7 1
e 0 8 1
e 1 2 2
e 1 8 2
e 1 3 2
e 1 4 1
e 2 3 2
e 2 4 1
e 2 5 1
e 2 6 1
e 2 7 1
e 2 8 1
e 3 8 1
e 3 4 1
e 3 5 1
e 3 6 1
e 3 7 1
e 5 6 1
e 5 7 1
e 6 7 1
t # 130
v 0 1
v 1 1
v 2 0
v 3 2
v 4 0
v 5 0
v 6 2
v 7 2
v 8 2
v 9 2
v 10 2
v 11 2
v 12 2
v 13 2
v 14 2
v 15 2
v 16 2
v 17 2
e 0 1 2
e 0 2 2
e 0 3 1
e 0 4 2
e 0 5 1
e 1 4 2
e 1 2 2
e 1 6 1
e 1 7 1
e 1 8 1
e 1 3 1
e 2 4 3
e 2 6 1
e 2 7 1
e 2 8 1
e 2 5 2
e 2 3 1
e 3 4 1
e 4 5 2
e 4 6 2
e 4 7 1
e 4 8 1
e 4 9 1
e 4 10 1
e 4 11 1
e 4 12 2
e 4 13 2
e 4 14 1
e 4 15 1
e 4 16 1
e 4 17 1
e 6 7 1
e 6 8 1
e 6 9 1
e 6 10 1
e 6 11 1
e 6 14 1
e 6 15 1
e 6 16 1
e 6 13 1
e 6 17 1
e 7 8 1
e 9 10 1
e 9 11 1
e 10 11 1
e 12 13 1
e 13 14 1
e 13 15 1
e 13 16 1
e 13 17 1
e 14 15 1
e 14 16 1
e 14 17 1
e 15 16 1
e 15 17 1
e 16 17 1
t # 131
v 0 0
v 1 0
v 2 2
v 3 0
v 4 2
v 5 2
v 6 2
v 7 2
v 8 2
v 9 2
v 10 2
v 11 2
v 12 1
v 13 1
v 14 2
v 15 2
v 16 2
v 17 2
v 18 2
e 0 1 2
e 0 2 2
e 0 3 2
e 0 4 1
e 0 5 1
e 1 6 1
e 1 7 1
e 1 8 1
e 1 9 1
e 1 3 1
e 1 4 2
e 1 10 1
e 1 11 1
e 1 12 1
e 2 6 2
e 3 12 2
e 3 6 2
e 3 14 1
e 3 15 1
e 3 16 1
e 3 17 1
e 3 9 2
e 3 10 1
e 3 18 1
e 3 4 1
e 4 11 1
e 6 7 1
e 6 18 1
e 9 12 1
e 9 17 1
e 9 10 1
e 12 13 1
t # 132
v 0 0
v 1 1
v 2 1
v 3 0
e 0 1 2
e 0 2 2
e 0 3 2
e 1 2 2
e 1 3 2
e 2 3 2
t # 133
v 0 2
v 1 0
v 2 0
v 3 0
v 4 2
v 5 1
e 0 1 1
e 1 2 1
e 1 3 1
e 1 4 1
e 1 5 1
t # 134
v 0 0
v 1 0
v 2 0
v 3 0
e 0 1 2
e 0 2 2
e 1 2 2
e 1 3 1
e 2 3 1
t # 135
v 0 1
v 1 1
v 2 1
v 3 1
v 4 1
v 5 0
v 6 0
v 7 1
v 8 1
v 9 1
v 10 0
e 0 1 2
e 0 2 1
e 0 3 1
e 0 4 1
e 0 5 1
e 0 6 1
e 1 2 1
e 1 3 1
e 1 5 2
e 1 6 2
e 1 4 1
e 2 3 2
e 2 7 1
e 2 8 1
e 2 5 2
e 2 9 1
e 2 4 2
e 3 7 1
e 3 8 1
e 3 5 2
e 3 9 1
e 3 4 1
e 4 5 2
e 4 6 1
e 4 7 1
e 4 8 1
e 4 9 1
e 5 6 2
e 5 10 1
e 5 7 2
e 5 8 1
e 5 9 2
e 6 10 1
e 7 8 1
e 7 9 1
e 8 9 1
t # 136
v 0 1
v 1 0
v 2 1
v 3 0
v 4 2
v 5 1
e 0 1 2
e 0 2 2
e 0 3 1
e 0 4 1
e 1 4 2
e 2 4 2
e 2 5 2
e 2 3 2
e 3 4 2
e 3 5 3
e 4 5 2
t # 137
v 0 1
v 1 0
v 2 0
v 3 2
v 4 2
v 5 1
v 6 1
v 7 0
v 8 2
v 9 2
v 10 1
e 0 1 2
e 0 2 2
e 1 2 2
e 1 3 1
e 2 3 1
e 2 4 1
e 2 5 1
e 4 7 1
e 4 10 1
e 4 5 2
e 6 7 1
e 7 8 1
e 7 9 1
t # 138
v 0 1
v 1 1
v 2 1
v 3 0
v 4 1
v 5 0
v 6 0
v 7 0
v 8 2
e 0 1 2
e 0 2 2
e 0 3 2
e 0 4 2
e 0 5 2
e 0 6 2
e 1 2 2
e 1 5 1
e 1 3 1
e 1 6 2
e 2 5 2
e 2 3 2
e 2 6 2
e 2 4 2
e 3 5 3
e 3 4 3
e 3 6 3
e 3 8 1
e 4 5 3
e 4 6 1
e 5 7 1
e 5 6 2
t # 139
v 0 2
v 1 2
v 2 1
v 3 2
v 4 1
v 5 2
v 6 2
e 0 1 2
e 0 2 2
e 0 3 1
e 0 4 1
e 0 5 2
e 0 6 2
e 1 2 2
e 1 6 2
e 1 4 1
e 1 5 1
e 2 4 2
e 2 5 2
e 2 6 1
e 3 4 1
e 4 5 1
e 5 6 2
t # 140
v 0 1
v 1 0
v 2 0
v 3 1
v 4 0
v 5 0
e 0 1 1
e 0 2 2
e 0 3 2
e 0 4 2
e 0 5 1
e 2 3 2
e 2 4 1
e 3 4 1
e 4 5 1
t # 141
v 0 1
v 1 1
v 2 1
v 3 0
v 4 1
v 5 0
v 6 0
v 7 0
v 8 2
e 0 1 2
e 0 2 2
e 0 3 2
e 0 4 2
e 0 5 2
e 0 6 2
e 1 2 2
e 1 5 1
e 1 3 2
e 1 6 2
e 2 5 2
e 2 3 2
e 2 6 2
e 2 4 2
e 3 5 3
e 3 4 3
e 3 6 3
e 3 8 1
e 4 5 3
e 4 6 1
e 5 7 1
e 5 6 2
t # 142
v 0 0
v 1 1
v 2 0
v 3 2
v 4 0
v 5 0
v 6 0
v 7 0
v 8 0
v 9 0
v 10 1
v 11 2
v 12 0
v 13 2
e 0 1 2
e 0 2 1
e 1 2 2
e 1 3 1
e 2 3 1
e 3 4 1
e 3 5 2
e 3 6 1
e 3 7 1
e 3 8 1
e 3 9 2
e 3 10 1
e 3 11 1
e 3 12 1
e 3 13 1
e 5 6 1
e 9 10 1
e 9 11 1
e 10 11 1
t # 143
v 0 0
v 1 1
v 2 0
v 3 0
v 4 1
v 5 1
v 6 0
e 0 1 3
e 0 2 2
e 0 3 3
e 0 4 2
e 0 5 2
e 1 2 2
e 1 4 3
e 1 3 3
e 1 5 3
e 1 6 2
e 2 4 2
e 2 3 2
e 2 5 2
e 2 6 2
e 3 4 3
e 3 5 3
e 3 6 2
e 4 6 2
e 4 5 2
e 5 6 2
t # 144
v 0 1
v 1 1
v 2 0
v 3 0
v 4 0
v 5 1
v 6 2
v 7 1
v 8 0
v 9 2
e 0 1 1
e 0 2 2
e 0 3 2
e 0 4 2
e 0 5 2
e 0 6 1
e 2 3 3
e 2 4 3
e 2 5 2
e 3 4 2
e 3 5 1
e 4 5 2
e 4 7 1
e 4 8 1
e 5 6 1
e 5 8 1
e 7 8 2
e 7 9 1
e 8 9 1
t # 145
v 0 0
v 1 2
v 2 0
v 3 0
v 4 1
v 5 0
v 6 1
v 7 2
e 0 1 3
e 0 2 2
e 0 3 2
e 1 4 3
e 1 5 3
e 1 2 3
e 1 3 2
e 1 6 2
e 2 5 3
e 2 4 3
e 2 3 2
e 2 6 1
e 3 5 2
e 3 4 1
e 3 7 1
e 4 5 3
e 4 6 3
e 5 6 2
t # 146
v 0 0
v 1 2
v 2 0
v 3 0
v 4 0
v 5 1
v 6 0
v 7 0
e 0 1 2
e 0 2 2
e 0 3 2
e 0 4 2
e 1 2 2
e 1 3 1
e 1 4 2
e 1 5 2
e 2 4 2
e 2 3 2
e 3 4 3
e 3 6 2
e 3 5 2
e 4 5 2
e 4 7 1
e 5 6 1
t # 147
v 0 2
v 1 2
v 2 2
v 3 1
e 0 1 2
e 0 2 1
e 0 3 1
e 1 2 1
e 1 3 1
t # 148
v 0 0
v 1 1
e 0 1 2
t # 149
v 0 0
v 1 0
v 2 1
v 3 1
v 4 0
v 5 2
e 0 1 2
e 0 2 2
e 0 3 2
e 0 4 2
e 0 5 2
e 1 2 3
e 1 3 2
e 1 4 2
e 1 5 2
e 2 3 2
e 2 4 2
e 2 5 2
e 3 4 2
e 3 5 2
e 4 5 3
t # 150
v 0 0
v 1 0
v 2 0
v 3 1
v 4 2
v 5 1
v 6 0
v 7 0
v 8 1
v 9 0
v 10 1
v 11 0
v 12 2
v 13 2
v 14 1
v 15 1
v 16 0
v 17 0
v 18 0
v 19 0
v 20 0
e 0 1 3
e 0 2 1
e 0 3 1
e 0 4 1
e 0 5 3
e 0 6 1
e 0 7 3
e 0 8 3
e 0 9 1
e 0 10 2
e 0 11 1
e 0 12 1
e 0 13 1
e 0 14 1
e 0 15 1
e 0 16 1
e 0 17 2
e 0 18 1
e 0 19 1
e 1 5 2
e 1 7 2
e 1 20 1
e 1 8 1
e 3 4 1
e 5 8 2
e 5 10 2
e 5 7 2
e 5 19 1
e 7 8 2
e 7 9 1
e 7 18 1
e 7 17 1
e 7 19 1
e 8 9 1
e 8 10 2
e 8 11 1
e 8 16 1
e 8 19 1
e 10 11 1
e 14 15 1
e 17 18 1
t # 151
v 0 1
v 1 1
v 2 0
v 3 0
v 4 1
v 5 0
v 6 0
v 7 0
v 8 0
v 9 2
v 10 2
e 0 1 3
e 0 2 2
e 0 3 2
e 0 4 3
e 0 5 3
e 0 6 3
e 0 7 2
e 0 8 2
e 1 2 3
e 1 3 2
e 1 4 2
e 1 5 3
e 1 6 3
e 1 7 3
e 1 8 3
e 1 9 1
e 2 3 2
e 2 4 2
e 2 6 3
e 2 8 2
e 2 7 2
e 2 5 2
e 3 5 2
e 3 4 2
e 3 7 2
e 3 8 2
e 3 6 1
e 4 10 1
e 4 7 2
e 4 8 2
e 4 6 2
e 4 5 2
e 5 6 3
e 5 8 2
e 5 7 2
e 6 8 2
e 6 7 2
e 6 9 2
e 7 8 3
e 7 9 1
e 8 9 1
t # 152
v 0 0
v 1 0
v 2 0
v 3 0
v 4 2
v 5 0
v 6 1
v 7 1
v 8 0
v 9 0
v 10 0
v 11 0
v 12 0
v 13 0
v 14 2
v 15 0
e 0 1 3
e 0 2 3
e 0 3 3
e 0 4 1
e 0 5 2
e 0 6 1
e 1 2 3
e 1 3 3
e 1 4 1
e 1 5 1
e 1 6 1
e 2 4 1
e 2 3 3
e 2 5 2
e 2 6 1
e 2 7 1
e 3 4 1
e 3 6 2
e 3 8 2
e 3 9 1
e 3 10 2
e 3 11 2
e 3 12 1
e 3 13 2
e 3 14 1
e 3 15 1
e 3 5 2
e 3 7 1
e 6 8 2
e 11 13 1
t # 153
v 0 1
v 1 1
v 2 0
v 3 0
v 4 1
v 5 0
v 6 0
e 0 1 2
e 0 2 2
e 0 3 1
e 1 4 3
e 1 2 2
e 1 5 2
e 1 6 2
e 1 3 2
e 2 4 1
e 2 5 1
e 2 3 1
e 3 5 1
e 4 6 1
e 4 5 2
t # 154
v 0 0
v 1 1
v 2 0
v 3 2
v 4 0
e 0 1 2
e 0 2 3
e 0 3 2
e 0 4 3
e 1 2 2
e 1 3 2
e 1 4 2
e 2 3 2
e 2 4 2
e 3 4 2
t # 155
v 0 0
v 1 0
v 2 0
v 3 0
v 4 1
v 5 1
v 6 0
v 7 0
v 8 0
e 0 1 2
e 0 2 2
e 0 3 2
e 0 4 1
e 1 4 2
e 1 3 1
e 1 2 2
e 2 4 2
e 2 5 2
e 2 6 2
e 2 3 1
e 3 7 1
e 3 4 2
e 3 5 1
e 4 7 2
e 4 5 1
e 5 6 1
e 5 8 1
t # 156
v 0 1
v 1 0
v 2 0
v 3 0
v 4 1
v 5 0
v 6 0
e 0 1 1
e 0 2 2
e 0 3 2
e 0 4 1
e 1 3 2
e 1 2 1
e 1 4 1
e 2 3 3
e 2 5 2
e 2 4 2
e 2 6 1
e 3 4 2
e 3 5 2
e 3 6 1
e 5 6 1
t # 157
v 0 0
v 1 0
v 2 1
v 3 0
v 4 0
v 5 2
v 6 2
v 7 2
e 0 1 3
e 0 2 2
e 0 3 3
e 0 4 2
e 0 5 2
e 0 6 2
e 1 2 2
e 1 3 3
e 1 5 2
e 1 4 1
e 2 4 2
e 2 3 2
e 2 5 1
e 3 4 2
e 3 5 2
e 3 6 2
e 4 5 1
e 5 7 1
e 5 6 2
t # 158
v 0 0
v 1 0
v 2 1
v 3 1
v 4 1
v 5 1
v 6 0
v 7 0
v 8 1
v 9 1
v 10 0
v 11 0
v 12 0
v 13 2
e 0 1 2
e 0 2 2
e 0 3 2
e 0 4 2
e 0 5 2
e 0 6 1
e 0 7 1
e 0 8 1
e 0 9 1
e 1 6 1
e 1 7 1
e 1 3 1
e 1 2 1
e 1 5 1
e 1 8 1
e 1 9 1
e 1 4 1
e 2 3 3
e 2 4 3
e 2 7 3
e 2 10 2
e 2 11 2
e 2 12 2
e 2 13 1
e 2 5 2
e 2 9 2
e 2 6 1
e 2 8 1
e 3 4 3
e 3 7 2
e 3 11 2
e 3 12 2
e 3 13 1
e 3 5 2
e 3 6 1
e 3 8 1
e 3 9 1
e 4 10 1
e 4 7 2
e 4 13 1
e 4 12 2
e 4 11 2
e 4 5 2
e 4 6 1
e 4 8 1
e 4 9 1
e 5 7 2
e 5 11 1
e 5 12 1
e 5 6 1
e 5 8 1
e 5 9 1
e 6 7 1
e 6 9 1
e 6 8 1
e 7 10 1
e 7 11 2
e 7 12 2
e 7 8 1
e 7 9 1
e 8 9 1
e 11 12 2
t # 159
v 0 1
v 1 0
v 2 1
v 3 0
v 4 0
v 5 0
v 6 0
v 7 0
v 8 0
e 0 1 2
e 0 2 2
e 0 3 2
e 0 4 1
e 0 5 2
e 0 6 1
e 0 7 2
e 0 8 1
e 1 3 2
e 1 4 2
e 1 2 2
e 1 5 2
e 1 7 2
e 1 6 1
e 1 8 1
e 2 3 2
e 2 4 2
e 2 5 2
e 2 7 2
e 2 6 1
e 2 8 1
e 3 4 1
e 3 5 2
e 3 7 2
e 3 6 1
e 3 8 1
e 4 5 1
e 5 6 1
e 5 7 2
e 5 8 1
e 6 7 1
e 7 8 1
t # 160
v 0 1
v 1 0
v 2 0
v 3 0
v 4 0
v 5 1
v 6 2
v 7 0
e 0 1 3
e 0 2 2
e 0 3 2
e 0 4 2
e 0 5 2
e 0 6 2
e 0 7 1
e 1 2 1
e 1 3 2
e 1 4 2
e 1 5 2
e 1 6 2
e 1 7 1
e 2 3 1
e 3 4 2
e 3 5 2
e 3 6 2
e 3 7 1
e 4 5 1
e 4 6 1
e 5 6 2
e 5 7 1
e 6 7 1
t # 161
v 0 0
v 1 0
v 2 1
v 3 0
v 4 0
v 5 1
v 6 0
v 7 1
v 8 0
e 0 1 2
e 0 2 2
e 0 3 2
e 0 4 2
e 0 5 1
e 0 6 1
e 2 7 2
e 2 6 1
e 2 4 2
e 2 3 1
e 3 5 2
e 3 4 2
e 4 6 3
e 4 8 2
t # 162
v 0 2
v 1 0
v 2 2
v 3 0
v 4 2
v 5 1
v 6 1
v 7 0
v 8 1
e 0 1 3
e 0 2 2
e 0 3 2
e 0 4 1
e 0 5 1
e 0 6 2
e 0 7 1
e 1 2 2
e 1 3 2
e 1 4 1
e 1 5 2
e 1 6 2
e 1 7 1
e 2 3 2
e 2 7 1
e 2 6 1
e 3 5 2
e 3 6 2
e 3 7 2
e 3 8 1
e 5 6 2
e 5 8 2
e 6 7 2
e 7 8 2
t # 163
v 0 0
v 1 0
v 2 0
v 3 1
v 4 2
v 5 1
v 6 1
v 7 1
v 8 0
e 0 1 1
e 0 2 2
e 0 3 1
e 0 4 2
e 0 5 2
e 1 4 1
e 1 5 1
e 2 3 2
e 2 4 2
e 3 6 2
e 3 5 1
e 4 5 2
e 4 8 2
e 5 7 2
t # 164
v 0 1
v 1 1
v 2 1
v 3 2
v 4 0
v 5 1
v 6 0
v 7 0
e 0 1 1
e 0 2 2
e 0 3 2
e 0 4 2
e 0 5 1
e 0 6 1
e 0 7 1
e 1 2 2
e 2 6 2
e 2 3 2
e 2 7 1
e 2 4 2
e 3 6 2
e 3 7 2
e 3 4 3
e 4 6 1
e 4 7 1
e 6 7 1
t # 165
v 0 2
v 1 1
v 2 1
v 3 0
v 4 0
v 5 1
v 6 1
v 7 0
v 8 0
e 0 1 1
e 0 2 2
e 0 3 1
e 0 4 2
e 1 2 1
e 2 5 2
e 2 6 2
e 2 3 2
e 2 4 2
e 2 7 1
e 2 8 2
e 3 4 2
e 4 7 1
e 4 8 2
e 5 6 1
e 5 8 1
t # 166
v 0 0
v 1 2
v 2 0
v 3 1
v 4 0
v 5 1
v 6 0
v 7 0
v 8 2
v 9 2
v 10 2
e 0 1 2
e 0 2 3
e 0 3 2
e 0 4 2
e 0 5 2
e 1 4 1
e 1 2 1
e 1 5 1
e 2 3 2
e 2 4 2
e 2 5 2
e 3 4 3
e 3 5 2
e 3 6 2
e 3 7 1
e 4 5 2
e 4 6 2
e 4 8 1
e 6 7 2
e 6 9 1
e 6 10 1
e 6 8 1
t # 167
v 0 0
v 1 0
v 2 0
v 3 1
v 4 0
v 5 1
v 6 1
v 7 1
v 8 1
v 9 1
e 0 1 2
e 0 2 3
e 0 3 3
e 0 4 2
e 0 5 2
e 0 6 1
e 0 7 1
e 1 2 2
e 1 3 2
e 1 4 2
e 2 3 2
e 2 4 2
e 2 5 2
e 2 6 1
e 2 7 1
e 3 4 2
e 3 6 2
e 3 8 1
e 3 5 2
e 3 9 1
e 3 7 2
e 4 7 1
e 4 5 2
e 4 8 1
e 5 6 2
e 5 8 1
e 5 7 2
e 5 9 2
e 6 8 1
e 6 9 1
t # 168
v 0 0
v 1 0
v 2 0
v 3 1
v 4 1
v 5 0
v 6 0
v 7 1
v 8 0
v 9 2
e 0 1 2
e 0 2 2
e 0 3 3
e 0 4 2
e 0 5 2
e 0 6 2
e 0 7 1
e 1 2 1
e 1 3 3
e 1 4 2
e 1 7 2
e 1 6 2
e 2 3 2
e 2 4 1
e 2 5 2
e 2 6 2
e 3 4 3
e 3 7 2
e 3 6 3
e 3 8 1
e 3 5 2
e 4 7 1
e 4 6 2
e 5 6 3
e 5 8 1
e 5 9 1
e 6 7 2
e 6 8 2
e 6 9 1
t # 169
v 0 0
v 1 0
v 2 0
v 3 1
v 4 0
v 5 0
v 6 1
v 7 0
v 8 0
e 0 1 2
e 0 2 2
e 0 3 2
e 1 3 2
e 1 4 1
e 1 5 1
e 2 6 1
e 2 7 1
e 3 6 2
e 3 7 1
e 3 5 1
e 4 5 1
e 5 8 2
e 6 7 1
t # 170
v 0 0
v 1 0
v 2 0
v 3 2
v 4 1
v 5 1
v 6 1
v 7 1
v 8 0
v 9 0
e 0 1 2
e 0 2 3
e 0 3 2
e 0 4 3
e 0 5 1
e 0 6 2
e 0 7 2
e 0 8 1
e 1 8 2
e 1 6 2
e 1 4 2
e 1 7 2
e 1 3 2
e 1 2 1
e 2 8 2
e 2 6 2
e 2 4 3
e 2 7 2
e 2 5 1
e 2 3 3
e 3 8 2
e 3 6 2
e 3 4 2
e 3 7 2
e 4 8 2
e 4 6 3
e 4 7 2
e 4 5 2
e 4 9 1
e 5 6 2
e 5 7 2
e 6 8 2
e 6 7 3
e 7 8 1
t # 171
v 0 0
v 1 1
v 2 1
v 3 0
v 4 1
v 5 2
v 6 2
v 7 1
v 8 0
e 0 1 2
e 0 2 2
e 0 3 2
e 0 4 1
e 0 5 2
e 0 6 2
e 0 7 1
e 0 8 1
e 1 7 1
e 1 3 1
e 1 6 1
e 1 8 1
e 2 3 2
e 2 8 2
e 2 4 2
e 2 5 2
e 2 6 1
e 3 8 2
e 3 4 2
e 3 5 2
e 4 8 1
e 4 5 1
e 5 7 1
e 5 8 3
e 5 6 2
e 6 7 1
e 6 8 2
e 7 8 1
t # 172
v 0 0
v 1 2
v 2 0
v 3 1
v 4 0
v 5 0
v 6 0
v 7 0
v 8 0
v 9 2
v 10 2
v 11 2
v 12 1
e 0 1 2
e 0 2 1
e 0 3 1
e 0 4 2
e 0 5 2
e 0 6 1
e 1 2 1
e 1 5 1
e 1 4 1
e 1 7 1
e 2 8 2
e 2 5 2
e 2 4 2
e 2 7 1
e 2 9 1
e 2 10 1
e 2 11 1
e 2 6 1
e 3 6 1
e 3 12 2
e 4 6 2
e 4 12 1
e 4 5 3
e 4 7 1
e 5 6 2
e 5 12 2
e 5 7 1
e 6 8 2
e 6 12 2
e 10 11 1
t # 173
v 0 0
v 1 0
v 2 1
v 3 0
v 4 0
v 5 2
v 6 0
v 7 2
v 8 2
v 9 1
v 10 2
v 11 2
v 12 2
e 0 1 3
e 0 2 2
e 0 3 2
e 0 4 2
e 0 5 1
e 0 6 1
e 0 7 1
e 0 8 2
e 0 9 2
e 0 10 1
e 0 11 1
e 0 12 1
e 1 2 2
e 1 3 2
e 1 4 2
e 1 5 1
e 1 6 1
e 1 7 1
e 1 8 1
e 1 9 1
e 1 10 1
e 1 11 1
e 1 12 1
e 2 3 2
e 2 4 2
e 2 5 1
e 2 6 1
e 2 7 1
e 2 8 2
e 2 9 1
e 3 4 2
e 3 5 1
e 3 6 1
e 3 7 1
e 3 8 1
e 4 5 1
e 4 6 1
e 4 7 1
e 4 8 2
e 4 9 2
e 4 10 1
e 4 11 1
e 4 12 1
e 5 6 1
e 5 7 1
e 6 7 1
e 8 9 1
e 9 10 1
e 9 11 1
e 9 12 1
e 10 11 1
e 10 12 1
e 11 12 1
t # 174
v 0 1
v 1 1
v 2 0
v 3 0
v 4 0
v 5 1
v 6 0
v 7 1
e 0 1 2
e 0 2 2
e 0 3 2
e 0 4 2
e 1 4 3
e 1 3 3
e 1 2 2
e 1 5 1
e 2 4 3
e 2 3 3
e 2 5 2
e 2 6 2
e 3 4 3
e 3 5 2
e 3 6 2
e 4 5 1
e 5 6 2
e 5 7 2
t # 175
v 0 0
v 1 0
v 2 1
v 3 1
v 4 1
v 5 0
v 6 0
v 7 0
v 8 0
e 0 1 3
e 0 2 2
e 0 3 3
e 0 4 3
e 0 5 2
e 0 6 1
e 1 4 3
e 1 2 2
e 1 3 3
e 1 5 2
e 1 7 1
e 2 4 2
e 2 3 2
e 2 6 2
e 2 5 1
e 3 4 3
e 3 6 2
e 3 5 2
e 4 7 1
e 4 6 1
e 4 5 2
e 5 8 2
t # 176
v 0 0
v 1 0
v 2 0
v 3 2
v 4 0
v 5 2
v 6 0
v 7 0
v 8 0
v 9 2
e 0 1 2
e 0 2 2
e 0 3 1
e 0 4 1
e 0 5 1
e 0 6 2
e 0 7 1
e 0 8 2
e 1 2 3
e 1 8 2
e 1 4 2
e 1 3 2
e 1 5 1
e 1 6 2
e 1 7 3
e 1 9 2
e 2 7 3
e 2 9 3
e 2 6 3
e 2 4 2
e 2 8 3
e 2 3 2
e 3 7 2
e 3 9 2
e 3 6 1
e 3 4 2
e 3 5 2
e 4 7 1
e 4 9 1
e 4 6 2
e 4 8 1
e 4 5 2
e 5 6 1
e 6 7 3
e 6 9 2
e 6 8 1
e 7 9 3
e 7 8 2
e 8 9 1
t # 177
v 0 0
v 1 0
v 2 0
v 3 1
v 4 1
v 5 1
v 6 0
v 7 0
v 8 0
e 0 1 3
e 0 2 3
e 0 3 3
e 0 4 3
e 0 5 2
e 0 6 2
e 0 7 2
e 0 8 2
e 1 2 3
e 1 3 3
e 1 5 2
e 1 4 2
e 1 6 2
e 1 7 2
e 1 8 1
e 2 3 3
e 2 5 2
e 2 4 2
e 2 6 2
e 2 7 2
e 2 8 1
e 3 5 3
e 3 6 3
e 3 7 3
e 3 8 2
e 3 4 3
e 4 5 3
e 4 6 2
e 4 8 2
e 4 7 2
e 5 6 3
e 5 8 2
e 5 7 3
e 6 7 2
e 6 8 2
e 7 8 3
t # 178
v 0 1
v 1 1
v 2 0
v 3 0
v 4 0
v 5 0
v 6 1
v 7 0
v 8 0
v 9 0
v 10 0
e 0 1 3
e 0 2 2
e 0 3 2
e 0 4 1
e 0 5 1
e 1 2 2
e 1 3 2
e 1 6 1
e 1 5 1
e 2 3 2
e 2 5 1
e 3 4 2
e 3 7 1
e 3 5 2
e 3 8 1
e 3 9 1
e 3 6 1
e 4 7 1
e 5 7 2
e 5 10 2
e 5 8 3
e 5 6 2
e 5 9 2
e 6 7 1
e 6 10 1
e 6 8 2
e 6 9 2
e 7 10 2
e 7 8 2
e 8 10 2
e 8 9 2
t # 179
v 0 2
v 1 1
v 2 1
v 3 0
v 4 2
v 5 0
v 6 0
v 7 1
v 8 2
e 0 1 2
e 0 2 3
e 0 3 3
e 0 4 3
e 0 5 2
e 0 6 2
e 0 7 1
e 0 8 1
e 1 2 1
e 1 3 2
e 2 7 2
e 2 5 2
e 2 6 2
e 2 4 2
e 2 3 1
e 3 6 2
e 3 5 2
e 3 4 2
e 3 7 1
e 3 8 1
e 4 6 2
e 4 5 2
e 4 7 1
e 4 8 1
e 5 6 2
e 5 7 1
e 5 8 1
e 6 7 2
e 6 8 1
t # 180
v 0 1
v 1 1
v 2 1
v 3 2
v 4 0
v 5 0
v 6 0
v 7 0
v 8 2
v 9 0
v 10 0
e 0 1 2
e 0 2 2
e 0 3 2
e 0 4 2
e 0 5 2
e 0 6 2
e 0 7 2
e 0 8 2
e 0 9 1
e 1 2 3
e 1 6 2
e 1 9 2
e 1 7 2
e 1 10 1
e 1 3 2
e 1 4 2
e 1 5 1
e 1 8 1
e 2 6 2
e 2 9 2
e 2 7 2
e 2 10 1
e 2 3 1
e 2 4 1
e 3 6 1
e 3 7 1
e 3 4 2
e 3 5 2
e 4 6 1
e 4 7 1
e 4 5 1
e 5 6 1
e 5 7 1
e 6 9 2
e 6 7 2
e 6 10 1
e 6 8 1
e 7 9 2
e 7 10 1
e 7 8 1
e 8 9 1
e 9 10 1
t # 181
v 0 2
v 1 2
v 2 0
v 3 0
v 4 0
v 5 0
v 6 0
v 7 2
v 8 0
v 9 0
v 10 2
e 0 1 3
e 0 2 2
e 0 3 2
e 0 4 2
e 0 5 1
e 0 6 2
e 0 7 2
e 0 8 2
e 0 9 2
e 0 10 1
e 1 2 2
e 1 3 2
e 1 4 2
e 1 5 2
e 1 6 2
e 1 7 2
e 1 8 2
e 1 9 2
e 1 10 1
e 2 3 2
e 2 4 2
e 2 5 1
e 2 6 1
e 3 4 2
e 3 5 1
e 3 10 1
e 3 8 1
e 3 7 1
e 3 9 1
e 4 5 2
e 4 6 1
e 4 7 2
e 4 8 2
e 4 9 2
e 4 10 1
e 5 6 2
e 7 8 2
e 7 9 2
e 7 10 1
e 8 9 2
e 8 10 1
e 9 10 1
t # 182
v 0 2
v 1 0
v 2 2
v 3 2
e 0 1 3
e 0 2 3
e 0 3 2
e 1 2 2
e 1 3 2
e 2 3 2
t # 183
v 0 0
v 1 0
v 2 0
v 3 1
v 4 0
v 5 0
v 6 0
v 7 2
v 8 2
v 9 0
v 10 2
e 0 1 3
e 0 2 3
e 0 3 2
e 0 4 2
e 0 5 2
e 0 6 2
e 1 4 2
e 1 6 3
e 1 2 2
e 1 7 1
e 1 5 2
e 1 3 2
e 1 8 1
e 2 4 2
e 2 9 1
e 2 5 2
e 2 7 1
e 2 6 3
e 2 3 2
e 3 4 3
e 3 8 1
e 3 5 3
e 3 6 3
e 3 7 1
e 3 10 1
e 4 5 3
e 4 8 2
e 4 6 2
e 4 7 1
e 5 8 2
e 5 7 2
e 5 6 2
e 5 10 1
e 6 8 2
e 6 7 2
e 6 10 1
e 7 8 2
e 8 9 1
t # 184
v 0 0
v 1 0
v 2 0
v 3 0
v 4 2
v 5 2
v 6 0
v 7 0
v 8 0
v 9 0
v 10 0
v 11 0
v 12 0
v 13 0
v 14 0
v 15 0
v 16 2
e 0 1 3
e 0 2 3
e 0 3 2
e 0 4 2
e 0 5 2
e 0 6 3
e 0 7 2
e 0 8 3
e 0 9 3
e 0 10 3
e 0 11 3
e 0 12 2
e 0 13 2
e 0 14 2
e 0 15 2
e 0 16 2
e 1 2 3
e 1 3 2
e 1 4 2
e 1 5 2
e 1 6 3
e 1 7 2
e 1 12 2
e 1 13 2
e 1 14 2
e 1 11 3
e 1 10 3
e 1 9 2
e 1 8 2
e 1 15 2
e 1 16 2
e 2 3 2
e 2 4 2
e 2 5 2
e 2 6 2
e 2 7 2
e 2 12 2
e 2 13 2
e 2 14 2
e 2 11 2
e 2 10 2
e 2 9 2
e 2 8 2
e 2 15 2
e 2 16 1
e 3 4 2
e 3 5 2
e 3 6 2
e 3 7 2
e 3 12 1
e 3 13 1
e 3 14 2
e 3 11 2
e 3 10 2
e 3 9 2
e 3 8 2
e 3 15 1
e 4 5 2
e 4 6 2
e 4 7 2
e 4 12 2
e 4 13 2
e 4 14 2
e 4 11 2
e 4 10 2
e 4 9 2
e 4 8 2
e 4 15 2
e 4 16 1
e 5 6 2
e 5 7 2
e 5 12 2
e 5 13 2
e 5 14 2
e 5 11 2
e 5 10 2
e 5 9 2
e 5 8 2
e 5 15 2
e 5 16 1
e 6 7 2
e 6 8 2
e 6 9 2
e 6 10 3
e 6 11 3
e 6 12 2
e 6 13 2
e 6 14 2
e 6 15 2
e 6 16 2
e 7 12 1
e 7 13 1
e 7 14 2
e 7 11 2
e 7 10 2
e 7 9 2
e 7 8 2
e 7 15 1
e 8 9 3
e 8 10 3
e 8 11 3
e 8 12 2
e 8 13 2
e 8 14 2
e 8 15 2
e 8 16 1
e 9 10 3
e 9 11 3
e 9 12 2
e 9 13 2
e 9 14 2
e 9 15 2
e 9 16 1
e 10 11 3
e 10 12 2
e 10 13 2
e 10 14 2
e 10 15 2
e 10 16 2
e 11 12 2
e 11 13 2
e 11 14 2
e 11 15 2
e 11 16 2
e 12 13 2
e 12 14 2
e 12 15 2
e 12 16 1
e 13 14 2
e 13 15 1
e 13 16 1
e 14 15 2
e 14 16 2
e 15 16 2
t # 185
v 0 0
v 1 0
v 2 0
v 3 0
v 4 1
v 5 1
v 6 1
v 7 0
v 8 0
e 0 1 2
e 0 2 2
e 0 3 2
e 0 4 2
e 0 5 1
e 0 6 1
e 0 7 1
e 1 2 1
e 1 3 2
e 1 6 2
e 1 7 2
e 1 8 1
e 1 4 1
e 2 4 2
e 2 3 2
e 2 8 2
e 2 6 1
e 3 4 2
e 3 5 2
e 3 8 2
e 3 7 2
e 3 6 3
e 4 5 3
e 4 7 2
e 4 6 2
e 5 7 1
e 5 6 1
e 6 8 1
e 6 7 2
t # 186
v 0 1
v 1 1
v 2 0
v 3 0
v 4 0
v 5 2
v 6 0
e 0 1 3
e 0 2 1
e 0 3 1
e 0 4 1
e 1 4 3
e 1 5 1
e 1 3 2
e 1 2 2
e 1 6 3
e 2 4 2
e 2 6 1
e 3 4 2
e 3 6 2
e 4 6 2
t # 187
v 0 1
v 1 1
v 2 0
v 3 0
v 4 0
v 5 0
v 6 0
e 0 1 2
e 0 2 2
e 0 3 2
e 0 4 2
e 2 3 2
e 2 4 2
e 2 5 1
e 3 4 2
e 3 6 2
e 4 5 2
t # 188
v 0 0
v 1 0
v 2 0
v 3 1
v 4 0
v 5 1
v 6 0
v 7 1
v 8 1
e 0 1 1
e 0 2 2
e 0 3 1
e 0 4 1
e 0 5 2
e 1 2 1
e 1 4 1
e 2 6 2
e 2 4 2
e 2 3 2
e 2 5 2
e 3 4 2
e 3 7 1
e 3 5 2
e 4 5 1
e 5 8 2
t # 189
v 0 0
v 1 0
v 2 0
v 3 0
v 4 0
v 5 0
v 6 2
v 7 0
v 8 0
v 9 1
v 10 1
v 11 0
v 12 1
e 0 1 1
e 0 2 2
e 0 3 1
e 2 3 1
e 2 4 1
e 3 5 2
e 3 7 1
e 3 9 2
e 4 5 2
e 4 9 1
e 5 6 1
e 5 7 2
e 5 8 2
e 5 9 1
e 5 10 1
e 5 11 1
e 9 10 2
e 9 12 1
e 9 11 1
t # 190
v 0 0
v 1 0
v 2 1
v 3 0
v 4 0
v 5 0
v 6 0
v 7 0
v 8 1
v 9 1
e 0 1 1
e 0 2 2
e 0 3 2
e 0 4 3
e 0 5 1
e 0 6 2
e 0 7 2
e 1 8 1
e 1 3 2
e 1 6 1
e 2 4 1
e 2 9 2
e 2 3 2
e 2 6 2
e 2 8 1
e 2 7 1
e 3 4 1
e 3 8 1
e 3 6 2
e 4 7 2
e 4 5 1
e 4 6 2
e 4 8 1
e 6 9 1
e 6 8 2
e 6 7 1
e 8 9 2
t # 191
v 0 0
v 1 0
v 2 1
v 3 0
v 4 1
v 5 0
v 6 0
e 0 1 2
e 0 2 2
e 1 3 2
e 1 2 2
e 2 4 3
e 2 3 3
e 2 5 2
e 3 4 1
e 3 5 2
e 3 6 1
e 5 6 1
t # 192
v 0 1
v 1 0
v 2 1
v 3 0
v 4 1
v 5 0
v 6 0
v 7 0
v 8 0
e 0 1 2
e 0 2 2
e 0 3 1
e 0 4 3
e 0 5 3
e 0 6 1
e 0 7 1
e 1 4 2
e 3 7 2
e 3 5 1
e 3 4 1
e 4 7 1
e 4 5 2
e 4 8 2
e 5 7 1
e 5 6 2
t # 193
v 0 1
v 1 1
v 2 0
v 3 2
v 4 2
v 5 1
v 6 0
v 7 0
v 8 1
v 9 0
v 10 1
e 0 1 3
e 0 2 1
e 0 3 1
e 0 4 1
e 1 3 2
e 1 5 2
e 1 6 1
e 1 7 2
e 1 8 1
e 1 2 2
e 1 4 1
e 2 3 1
e 2 9 1
e 2 7 1
e 2 4 1
e 3 5 1
e 3 4 1
e 5 6 2
e 5 7 2
e 5 8 1
e 5 10 1
e 7 8 2
t # 194
v 0 1
v 1 1
v 2 0
v 3 0
v 4 0
v 5 0
e 0 1 1
e 0 2 1
e 0 3 1
e 2 4 1
e 3 4 1
e 3 5 1
t # 195
v 0 0
v 1 0
v 2 0
v 3 0
v 4 1
v 5 0
v 6 1
v 7 1
v 8 0
v 9 1
e 0 1 2
e 0 2 2
e 0 3 2
e 0 4 2
e 0 5 2
e 0 6 2
e 1 6 2
e 1 4 1
e 1 3 2
e 1 2 1
e 1 5 1
e 2 6 2
e 2 3 2
e 2 8 1
e 2 4 1
e 2 5 2
e 3 6 2
e 3 5 2
e 3 4 2
e 3 8 1
e 4 9 1
e 5 6 2
e 6 7 1
t # 196
v 0 0
v 1 0
v 2 0
v 3 1
v 4 1
v 5 0
v 6 0
v 7 1
v 8 0
v 9 1
e 0 1 3
e 0 2 1
e 0 3 2
e 0 4 1
e 0 5 1
e 1 2 1
e 1 3 2
e 1 4 2
e 1 6 1
e 3 4 3
e 3 7 1
e 3 6 2
e 3 8 2
e 3 5 2
e 3 9 1
e 4 9 2
e 4 6 2
e 4 8 1
e 4 5 1
e 6 9 1
e 6 8 1
t # 197
v 0 0
v 1 1
v 2 0
v 3 2
v 4 2
v 5 2
v 6 2
v 7 1
v 8 0
v 9 1
v 10 0
v 11 2
v 12 0
e 0 1 2
e 0 2 2
e 0 3 2
e 0 4 1
e 0 5 2
e 0 6 2
e 0 7 2
e 0 8 2
e 0 9 1
e 1 2 2
e 1 3 3
e 1 4 2
e 1 5 2
e 1 6 3
e 1 7 2
e 1 8 2
e 1 10 2
e 1 11 2
e 1 9 2
e 2 3 2
e 2 4 1
e 2 5 2
e 2 6 2
e 2 7 2
e 2 8 2
e 2 9 1
e 3 4 3
e 3 5 2
e 3 6 3
e 3 7 2
e 3 8 2
e 3 10 1
e 3 11 2
e 3 9 2
e 4 5 2
e 4 6 2
e 4 7 2
e 4 8 2
e 4 10 1
e 4 11 2
e 4 9 2
e 5 6 2
e 5 7 2
e 5 8 2
e 5 11 2
e 5 9 2
e 6 7 2
e 6 8 2
e 6 10 2
e 6 11 2
e 6 9 2
e 7 8 3
e 7 10 1
e 7 11 2
e 7 9 2
e 8 10 1
e 8 11 2
e 8 9 2
e 9 11 2
e 10 11 1
e 11 12 1
t # 198
v 0 1
v 1 1
v 2 0
v 3 1
v 4 1
v 5 2
v 6 0
v 7 0
v 8 2
v 9 2
v 10 2
v 11 2
v 12 2
v 13 2
v 14 0
v 15 0
v 16 0
v 17 0
e 0 1 2
e 0 2 3
e 0 3 3
e 0 4 2
e 0 5 2
e 0 6 1
e 0 7 2
e 0 8 2
e 0 9 1
e 0 10 1
e 0 11 1
e 0 12 1
e 0 13 1
e 0 14 1
e 0 15 1
e 1 2 3
e 1 3 3
e 1 16 1
e 1 5 2
e 1 6 1
e 1 7 2
e 1 8 2
e 1 14 2
e 1 9 1
e 1 4 2
e 1 10 1
e 1 11 1
e 1 12 1
e 1 13 1
e 1 15 1
e 2 15 2
e 2 3 3
e 2 4 2
e 2 17 1
e 2 16 1
e 2 5 2
e 2 6 1
e 2 7 2
e 2 8 2
e 2 14 2
e 2 9 1
e 2 10 1
e 2 11 1
e 2 12 1
e 2 13 1
e 3 15 2
e 3 4 2
e 3 17 1
e 3 16 1
e 3 5 2
e 3 6 1
e 3 7 2
e 3 8 2
e 3 14 2
e 3 9 1
e 3 10 1
e 3 11 1
e 3 12 1
e 3 13 1
e 4 15 2
e 4 9 1
e 4 8 2
e 4 10 1
e 4 11 1
e 4 12 1
e 4 13 1
e 4 7 1
e 4 5 1
e 4 14 1
e 5 15 1
e 5 6 1
e 5 7 2
e 5 10 1
e 5 11 1
e 5 12 1
e 5 13 1
e 5 14 1
e 5 8 1
e 6 7 1
e 7 15 1
e 7 10 1
e 7 11 1
e 7 12 1
e 7 13 1
e 7 14 1
e 7 8 1
e 8 15 1
e 8 9 1
e 8 10 1
e 8 11 1
e 8 12 1
e 8 13 1
e 8 14 1
e 10 15 1
e 10 14 1
e 10 11 1
e 10 12 1
e 10 13 1
e 11 15 1
e 11 14 1
e 11 12 1
e 11 13 1
e 12 15 1
e 12 14 1
e 12 13 1
e 13 15 1
e 13 14 1
e 14 15 1
t # 199
v 0 1
v 1 1
v 2 1
v 3 1
v 4 1
v 5 1
e 0 1 1
e 0 2 1
e 1 2 2
e 1 3 1
e 1 4 1
e 1 5 1
e 2 5 2
e 2 4 2
e 2 3 1
e 3 5 2
e 3 4 1
e 4 5 2
t # 200
v 0 1
v 1 1
v 2 2
v 3 1
v 4 1
v 5 2
v 6 1
v 7 2
v 8 2
e 0 1 3
e 0 2 1
e 0 3 1
e 0 4 2
e 0 5 1
e 0 6 2
e 0 7 1
e 0 8 2
e 1 4 2
e 1 5 1
e 1 6 2
e 1 7 1
e 1 8 2
e 2 3 1
e 4 5 1
e 4 6 2
t # 201
v 0 0
v 1 2
v 2 0
e 0 1 2
e 0 2 2
e 1 2 2
t # 202
v 0 0
v 1 0
v 2 1
v 3 2
v 4 2
v 5 2
v 6 2
v 7 2
v 8 1
e 0 1 2
e 0 2 2
e 0 3 1
e 0 4 1
e 0 5 1
e 0 6 1
e 0 7 1
e 1 2 2
e 1 8 1
e 1 3 1
e 1 4 1
e 1 5 1
e 1 6 1
e 1 7 1
e 2 8 1
e 2 3 1
e 2 4 1
e 2 5 1
e 2 6 1
e 2 7 1
e 3 4 1
e 3 5 1
e 3 6 1
e 3 7 1
e 4 5 1
e 4 6 1
e 4 7 1
e 5 6 1
e 5 7 1
e 6 7 1
t # 203
v 0 2
v 1 2
v 2 2
v 3 2
v 4 2
v 5 2
v 6 2
v 7 2
v 8 2
v 9 2
v 10 2
v 11 2
v 12 2
v 13 2
v 14 2
v 15 2
v 16 2
v 17 2
v 18 2
v 19 2
v 20 2
v 21 2
v 22 2
e 0 1 1
e 0 2 1
e 0 3 1
e 0 4 1
e 0 5 1
e 0 6 1
e 0 7 1
e 0 8 1
e 0 9 1
e 0 10 1
e 0 11 1
e 0 12 1
e 0 13 1
e 0 14 2
e 0 15 1
e 0 16 1
e 1 2 1
e 1 3 1
e 1 4 1
e 1 5 1
e 1 6 1
e 1 7 1
e 1 8 1
e 1 9 1
e 1 10 1
e 1 11 1
e 1 12 1
e 1 13 1
e 1 14 1
e 1 17 1
e 1 15 1
e 1 18 1
e 1 16 1
e 1 19 1
e 1 20 1
e 1 21 1
e 1 22 1
e 2 3 1
e 2 4 1
e 2 5 1
e 2 6 1
e 2 7 1
e 2 8 1
e 2 9 1
e 2 10 1
e 2 11 1
e 2 12 1
e 2 13 1
e 2 14 1
e 3 4 1
e 3 5 1
e 3 6 1
e 3 7 1
e 3 8 1
e 3 9 1
e 3 10 1
e 3 11 1
e 3 12 1
e 3 13 1
e 3 14 1
e 4 5 1
e 4 6 1
e 4 7 1
e 4 8 1
e 4 9 1
e 4 10 1
e 4 11 1
e 4 12 1
e 4 13 1
e 4 14 1
e 5 6 1
e 5 7 1
e 5 8 1
e 5 9 1
e 5 10 1
e 5 11 1
e 5 12 1
e 5 13 1
e 5 14 1
e 6 7 1
e 6 8 1
e 6 9 1
e 6 10 1
e 6 11 1
e 6 12 1
e 6 13 1
e 6 14 1
e 7 8 1
e 7 9 1
e 7 10 1
e 7 11 1
e 7 12 1
e 7 13 1
e 7 14 1
e 8 9 1
e 8 10 1
e 8 11 1
e 8 12 1
e 8 13 1
e 8 14 1
e 8 15 1
e 8 18 1
e 9 10 1
e 9 11 1
e 9 12 1
e 9 13 1
e 9 14 1
e 9 18 1
e 9 15 1
e 10 11 1
e 10 12 1
e 10 13 1
e 10 14 1
e 11 12 1
e 11 13 1
e 11 14 1
e 12 13 1
e 12 14 1
e 13 14 1
e 14 15 1
e 14 16 1
e 15 17 2
e 15 18 2
e 15 16 2
e 15 19 1
e 15 20 1
e 15 21 1
e 15 22 1
e 16 17 1
e 16 18 1
e 16 19 1
e 16 20 1
e 16 21 1
e 16 22 1
e 17 18 2
e 17 19 1
e 17 20 1
e 17 21 1
e 17 22 1
e 18 19 1
e 18 20 1
e 18 21 1
e 18 22 1
e 19 20 1
e 19 21 1
e 19 22 1
e 20 21 1
e 20 22 1
e 21 22 1
t # 204
v 0 0
v 1 0
v 2 0
v 3 1
v 4 2
v 5 2
v 6 0
e 0 1 2
e 0 2 1
e 0 3 2
e 0 4 1
e 0 5 1
e 0 6 1
e 1 2 1
e 1 4 1
e 1 5 1
e 1 6 1
e 1 3 1
e 3 4 1
e 3 5 1
e 3 6 1
e 4 5 1
e 4 6 1
e 5 6 1
t # 205
v 0 1
v 1 1
v 2 1
v 3 1
v 4 1
v 5 2
e 0 1 2
e 0 2 2
e 0 3 2
e 0 4 1
e 0 5 1
e 1 2 2
e 1 3 2
e 1 4 1
e 1 5 1
e 2 4 1
e 2 3 2
e 2 5 1
e 3 4 1
e 3 5 1
e 4 5 1
t # 206
v 0 1
v 1 1
v 2 0
v 3 0
v 4 1
e 0 1 1
e 0 2 2
e 0 3 2
e 0 4 2
e 2 3 2
e 2 4 2
t # 207
v 0 1
v 1 0
e 0 1 2
t # 208
v 0 0
v 1 1
e 0 1 2
t # 209
v 0 1
v 1 1
v 2 1
e 0 1 1
e 0 2 1
e 1 2 1
t # 210
v 0 0
v 1 0
v 2 0
v 3 0
v 4 0
v 5 0
v 6 2
v 7 2
v 8 2
e 0 1 2
e 0 2 1
e 0 3 1
e 0 4 1
e 0 5 1
e 0 6 1
e 1 4 2
e 1 5 2
e 1 3 2
e 1 7 1
e 1 2 2
e 1 8 1
e 1 6 1
e 2 4 2
e 2 5 2
e 2 3 2
e 2 8 1
e 2 6 1
e 3 4 2
e 3 5 2
e 3 8 1
e 3 6 1
e 4 5 2
e 4 8 1
e 4 6 1
e 5 8 1
e 5 6 1
t # 211
v 0 0
v 1 0
v 2 0
v 3 0
v 4 1
v 5 0
v 6 0
v 7 0
v 8 2
e 0 1 3
e 0 2 2
e 0 3 1
e 0 4 2
e 0 5 2
e 0 6 2
e 0 7 1
e 1 5 2
e 1 7 1
e 1 2 2
e 1 6 2
e 1 4 1
e 2 3 2
e 2 4 2
e 2 6 2
e 2 8 1
e 2 7 2
e 2 5 2
e 3 4 1
e 3 5 1
e 4 6 1
e 5 7 1
e 7 8 1
t # 212
v 0 1
v 1 2
v 2 2
v 3 2
v 4 2
v 5 2
v 6 2
e 0 1 3
e 0 2 3
e 0 3 2
e 0 4 2
e 0 5 2
e 0 6 1
e 1 2 3
e 1 6 2
e 1 5 2
e 1 4 2
e 1 3 2
e 2 6 2
e 2 3 2
e 2 4 2
e 2 5 2
e 3 6 1
e 3 5 1
e 3 4 1
e 5 6 1
t # 213
v 0 2
v 1 2
e 0 1 2
t # 214
v 0 2
v 1 2
v 2 2
v 3 2
v 4 2
v 5 0
e 0 1 2
e 0 2 3
e 0 3 2
e 0 4 2
e 0 5 1
e 1 2 2
e 1 4 1
e 1 3 1
e 2 4 2
e 2 5 1
e 2 3 2
e 3 4 1
e 4 5 1
t # 215
v 0 2
v 1 0
v 2 2
e 0 1 3
e 0 2 2
e 1 2 2
t # 216
v 0 0
v 1 0
v 2 2
v 3 2
v 4 0
v 5 2
v 6 2
v 7 1
e 0 1 3
e 0 2 2
e 0 3 2
e 0 4 1
e 0 5 2
e 0 6 1
e 0 7 1
e 1 2 2
e 1 3 2
e 1 4 1
e 1 7 2
e 1 5 2
e 1 6 1
e 2 3 3
e 2 4 1
e 2 7 2
e 2 5 1
e 3 4 1
e 3 7 2
e 3 5 1
e 5 6 1
e 5 7 2
e 6 7 1
t # 217
v 0 0
v 1 0
v 2 0
v 3 2
v 4 2
v 5 2
v 6 0
v 7 2
v 8 0
v 9 0
v 10 2
v 11 2
v 12 2
v 13 0
v 14 2
v 15 0
v 16 2
v 17 2
v 18 2
v 19 2
v 20 2
e 0 1 2
e 0 2 2
e 0 3 2
e 0 4 2
e 0 5 1
e 0 6 2
e 0 7 1
e 0 8 2
e 0 9 1
e 0 10 1
e 0 11 1
e 0 12 1
e 0 13 1
e 0 14 1
e 0 15 1
e 0 16 1
e 0 17 1
e 0 18 1
e 1 2 2
e 1 3 2
e 1 13 1
e 1 6 1
e 1 8 1
e 1 4 1
e 1 14 1
e 1 15 1
e 1 16 1
e 2 13 1
e 2 6 1
e 2 8 1
e 2 4 1
e 2 14 1
e 2 15 1
e 2 16 1
e 2 3 1
e 3 4 2
e 3 15 2
e 3 9 1
e 3 19 1
e 3 8 2
e 3 6 2
e 3 13 1
e 3 14 1
e 3 16 1
e 4 15 2
e 4 9 1
e 4 19 1
e 4 8 2
e 4 6 2
e 4 20 1
e 4 13 1
e 4 14 1
e 4 16 1
e 5 9 1
e 5 8 1
e 5 6 1
e 5 7 1
e 5 10 1
e 5 11 1
e 5 12 1
e 6 15 2
e 6 9 2
e 6 19 1
e 6 8 2
e 6 20 1
e 6 7 1
e 6 10 1
e 6 11 1
e 6 12 1
e 6 13 1
e 6 14 1
e 6 16 1
e 7 9 1
e 7 8 1
e 7 10 1
e 7 11 1
e 7 12 1
e 8 15 2
e 8 9 2
e 8 19 1
e 8 20 1
e 8 10 1
e 8 11 1
e 8 12 1
e 8 13 1
e 8 14 1
e 8 16 1
e 9 15 1
e 9 19 1
e 9 10 1
e 9 11 1
e 9 12 1
e 10 11 1
e 10 12 1
e 11 12 1
e 13 15 1
e 13 14 1
e 13 16 1
e 14 15 1
e 14 16 1
e 15 19 1
e 15 16 1
e 17 18 1
t # 218
v 0 0
v 1 0
v 2 0
v 3 0
v 4 0
v 5 2
v 6 0
v 7 0
v 8 0
v 9 0
e 0 1 2
e 0 2 2
e 0 3 2
e 0 4 3
e 0 5 1
e 0 6 1
e 0 7 1
e 1 4 2
e 1 2 1
e 1 3 1
e 2 3 2
e 2 4 2
e 2 5 2
e 2 8 1
e 2 9 1
e 2 6 1
e 3 4 2
e 4 8 1
e 4 7 2
e 4 5 2
e 4 6 1
e 4 9 1
e 5 8 2
e 5 7 2
e 5 6 2
e 5 9 2
e 6 8 2
e 7 8 2
t # 219
v 0 0
v 1 1
v 2 1
v 3 0
v 4 1
v 5 1
v 6 1
v 7 0
v 8 0
e 0 1 2
e 0 2 2
e 0 3 1
e 1 2 2
e 1 4 1
e 1 5 1
e 1 6 1
e 1 7 2
e 1 8 1
e 1 3 2
e 4 5 1
e 7 8 1
t # 220
v 0 1
v 1 1
v 2 2
v 3 0
v 4 1
v 5 0
v 6 2
v 7 0
v 8 2
v 9 0
v 10 1
v 11 2
v 12 0
v 13 2
v 14 2
v 15 1
e 0 1 1
e 0 2 1
e 0 3 2
e 0 4 2
e 1 2 1
e 1 3 2
e 1 5 2
e 1 6 1
e 1 7 1
e 1 4 1
e 1 8 1
e 1 9 1
e 1 10 1
e 1 11 1
e 3 4 3
e 3 7 3
e 3 12 2
e 3 11 2
e 3 9 2
e 3 5 2
e 3 6 2
e 3 8 1
e 3 10 1
e 3 13 1
e 3 14 1
e 4 7 2
e 4 9 2
e 4 11 2
e 4 5 2
e 4 6 2
e 4 8 1
e 4 10 1
e 4 13 1
e 4 14 1
e 5 7 2
e 5 11 2
e 5 10 1
e 5 9 1
e 5 15 1
e 5 6 1
e 5 8 1
e 6 7 2
e 6 11 1
e 6 10 1
e 6 9 1
e 6 8 1
e 6 13 1
e 6 14 1
e 7 11 2
e 7 10 2
e 7 12 2
e 7 8 1
e 7 9 1
e 7 13 1
e 7 14 1
e 8 11 1
e 8 10 1
e 8 9 1
e 9 11 1
e 9 10 1
e 10 11 2
e 10 12 2
e 11 12 1
e 12 15 1
e 13 14 1
t # 221
v 0 1
v 1 2
v 2 0
v 3 1
v 4 0
e 0 1 1
e 0 2 3
e 0 3 3
e 0 4 2
e 1 2 1
e 1 3 1
e 2 3 3
e 2 4 3
e 3 4 3
t # 222
v 0 0
v 1 0
v 2 1
v 3 0
v 4 1
e 0 1 2
e 0 2 3
e 0 3 2
e 0 4 3
e 1 2 2
e 1 4 2
e 1 3 2
e 2 3 3
e 2 4 2
e 3 4 3
t # 223
v 0 1
v 1 1
v 2 0
v 3 0
v 4 0
v 5 2
v 6 0
v 7 0
v 8 0
e 0 1 3
e 1 2 1
e 1 3 2
e 1 4 3
e 1 5 1
e 1 6 2
e 1 7 2
e 3 4 2
e 3 7 1
e 4 5 1
e 6 8 1
e 6 7 1
t # 224
v 0 0
v 1 1
v 2 0
v 3 2
v 4 2
v 5 2
v 6 2
v 7 0
v 8 1
v 9 2
v 10 0
v 11 0
v 12 0
v 13 0
v 14 2
v 15 2
e 0 1 2
e 0 2 2
e 0 3 3
e 0 4 3
e 0 5 2
e 0 6 1
e 0 7 2
e 1 4 1
e 1 7 1
e 1 3 1
e 2 3 2
e 2 4 2
e 2 5 1
e 2 7 1
e 3 4 3
e 3 9 2
e 3 7 3
e 3 14 1
e 3 5 3
e 3 12 1
e 3 13 1
e 3 6 2
e 3 15 1
e 3 11 1
e 4 8 1
e 4 9 1
e 4 10 1
e 4 5 2
e 4 6 2
e 4 11 1
e 4 7 1
e 5 9 2
e 5 7 2
e 5 12 1
e 5 13 2
e 6 7 1
e 6 11 1
e 9 10 1
e 9 12 1
e 9 13 1
e 12 13 1
t # 225
v 0 1
v 1 1
v 2 0
v 3 0
v 4 2
v 5 2
v 6 0
v 7 1
v 8 0
e 0 1 1
e 0 2 2
e 0 3 3
e 0 4 1
e 0 5 2
e 0 6 1
e 2 3 2
e 2 4 1
e 2 5 2
e 3 4 1
e 3 5 2
e 3 6 1
e 3 7 1
e 5 8 1
e 5 6 1
e 5 7 1
e 6 8 1
t # 226
v 0 0
v 1 0
v 2 1
v 3 0
v 4 2
v 5 0
e 0 1 2
e 0 2 2
e 1 3 2
e 1 2 2
e 1 4 1
e 2 3 2
e 2 5 1
e 2 4 1
e 3 5 1
e 3 4 1
t # 227
v 0 0
v 1 1
v 2 0
v 3 2
v 4 0
v 5 1
v 6 0
v 7 1
v 8 0
e 0 1 2
e 0 2 2
e 0 3 2
e 0 4 1
e 1 4 2
e 1 2 2
e 1 3 2
e 2 4 2
e 2 3 2
e 2 8 1
e 3 4 3
e 3 5 2
e 3 6 2
e 4 5 2
e 4 6 1
e 5 7 1
e 5 6 1
t # 228
v 0 0
v 1 1
v 2 1
v 3 2
v 4 0
v 5 0
v 6 0
v 7 2
v 8 2
e 0 1 2
e 0 2 2
e 0 3 2
e 0 4 3
e 0 5 2
e 0 6 2
e 0 7 1
e 1 2 3
e 1 3 2
e 1 4 2
e 1 6 2
e 1 8 1
e 1 7 2
e 1 5 2
e 2 3 2
e 2 6 2
e 2 4 3
e 2 8 1
e 2 7 2
e 2 5 2
e 3 4 2
e 3 5 2
e 3 8 1
e 3 7 2
e 3 6 1
e 4 5 3
e 4 6 2
e 4 8 1
e 4 7 2
e 5 6 2
e 5 8 1
e 5 7 2
e 6 7 1
e 7 8 1
t # 229
v 0 0
v 1 0
v 2 1
v 3 0
v 4 0
v 5 0
v 6 0
v 7 0
v 8 0
e 0 1 2
e 0 2 1
e 1 2 1
e 2 3 2
e 2 4 2
e 2 5 2
e 2 6 1
e 3 5 1
e 3 4 2
e 4 5 2
e 4 6 2
e 4 7 1
e 4 8 1
e 5 8 1
e 6 7 1
t # 230
v 0 0
v 1 0
v 2 0
v 3 0
v 4 1
v 5 0
v 6 0
v 7 1
v 8 0
v 9 0
v 10 0
v 11 2
e 0 1 1
e 0 2 1
e 0 3 1
e 0 4 1
e 0 5 1
e 0 6 1
e 0 7 1
e 0 8 2
e 0 9 1
e 1 2 1
e 1 3 1
e 2 3 1
e 5 8 1
e 5 6 2
e 6 8 1
e 7 10 1
e 7 11 1
e 8 9 2
t # 231
v 0 2
v 1 0
e 0 1 1
t # 232
v 0 0
v 1 2
v 2 1
v 3 2
v 4 0
v 5 0
v 6 0
v 7 0
v 8 0
v 9 0
v 10 0
v 11 1
v 12 0
v 13 0
e 0 1 2
e 0 2 2
e 0 3 1
e 0 4 1
e 0 5 2
e 0 6 2
e 0 7 2
e 0 8 1
e 0 9 1
e 0 10 1
e 0 11 1
e 0 12 1
e 1 2 2
e 1 3 2
e 1 4 1
e 1 13 1
e 1 9 1
e 1 10 1
e 1 12 1
e 1 5 1
e 1 11 1
e 2 3 2
e 2 4 2
e 2 9 2
e 2 11 2
e 2 10 2
e 2 5 2
e 2 6 2
e 2 7 2
e 2 8 2
e 2 12 2
e 2 13 1
e 3 4 2
e 3 12 2
e 3 11 2
e 3 5 2
e 3 8 1
e 3 13 1
e 3 9 1
e 3 10 1
e 4 12 2
e 4 11 2
e 4 5 2
e 4 8 1
e 4 13 1
e 4 9 1
e 4 10 1
e 5 9 2
e 5 11 2
e 5 10 2
e 5 6 2
e 5 7 2
e 5 8 2
e 5 12 2
e 5 13 1
e 6 9 1
e 6 11 1
e 6 10 1
e 6 7 2
e 6 8 1
e 6 12 1
e 7 9 1
e 7 11 1
e 7 10 1
e 7 8 1
e 7 12 1
e 8 11 1
e 8 12 1
e 9 11 2
e 9 10 2
e 9 12 2
e 9 13 1
e 10 11 3
e 10 12 2
e 10 13 1
e 11 12 2
e 11 13 1
e 12 13 1
t # 233
v 0 2
v 1 2
v 2 2
v 3 2
v 4 2
v 5 2
v 6 2
e 0 1 2
e 0 2 2
e 0 3 2
e 0 4 2
e 0 5 1
e 0 6 1
e 1 2 2
e 1 6 2
e 1 4 2
e 1 3 2
e 1 5 2
e 2 4 1
e 2 3 2
e 2 5 2
e 2 6 1
e 3 4 3
e 3 6 3
e 3 5 3
e 4 6 3
e 4 5 2
e 5 6 3
t # 234
v 0 0
v 1 1
v 2 0
v 3 0
v 4 0
v 5 0
v 6 0
v 7 1
v 8 2
e 0 1 2
e 0 2 2
e 0 3 3
e 0 4 3
e 0 5 3
e 1 3 2
e 1 4 1
e 1 5 1
e 1 2 1
e 2 3 3
e 2 5 2
e 2 4 2
e 2 6 1
e 3 4 3
e 3 7 2
e 3 8 1
e 3 6 2
e 3 5 2
e 4 5 2
e 4 6 1
e 4 7 2
e 7 8 1
t # 235
v 0 0
v 1 0
v 2 0
v 3 0
v 4 0
v 5 2
v 6 2
v 7 0
v 8 0
v 9 2
v 10 2
v 11 2
v 12 0
v 13 1
v 14 1
v 15 0
v 16 2
v 17 0
v 18 2
v 19 0
v 20 2
v 21 1
v 22 0
v 23 1
v 24 2
v 25 1
v 26 0
v 27 0
v 28 0
v 29 0
e 0 1 3
e 0 2 2
e 0 3 2
e 0 4 2
e 0 5 1
e 0 6 1
e 0 7 2
e 0 8 2
e 0 9 1
e 0 10 1
e 0 11 1
e 0 12 1
e 0 13 1
e 0 14 1
e 0 15 1
e 0 16 1
e 1 2 2
e 1 3 2
e 1 4 2
e 1 5 1
e 1 6 1
e 1 7 2
e 1 8 2
e 1 9 1
e 1 10 1
e 1 11 1
e 1 12 1
e 1 13 1
e 1 14 1
e 1 15 1
e 1 16 1
e 2 3 2
e 2 4 2
e 2 5 1
e 2 6 1
e 2 7 2
e 2 8 2
e 2 9 1
e 2 10 1
e 2 11 1
e 2 12 1
e 2 13 1
e 2 14 1
e 2 15 1
e 2 16 1
e 3 4 1
e 3 5 1
e 3 6 1
e 4 5 1
e 4 6 1
e 5 6 1
e 7 8 2
e 7 9 1
e 7 10 1
e 7 11 1
e 7 12 1
e 7 13 1
e 7 14 1
e 7 15 1
e 7 16 1
e 8 9 1
e 8 10 1
e 8 11 1
e 8 12 1
e 8 13 1
e 8 14 1
e 8 15 1
e 8 16 1
e 9 10 1
e 9 11 1
e 9 12 1
e 10 11 1
e 10 12 1
e 11 12 1
e 13 14 3
e 13 15 1
e 13 16 1
e 13 17 2
e 13 18 1
e 13 19 2
e 13 20 1
e 13 21 2
e 13 22 2
e 13 23 2
e 13 24 1
e 13 25 1
e 13 26 1
e 13 27 1
e 13 28 1
e 13 29 1
e 14 15 1
e 14 16 1
e 14 17 2
e 14 18 1
e 14 19 3
e 14 20 1
e 14 21 2
e 14 22 2
e 14 23 2
e 14 24 1
e 14 25 1
e 14 26 1
e 14 28 2
e 14 27 2
e 14 29 1
e 15 16 1
e 17 26 1
e 17 22 2
e 17 19 2
e 17 18 1
e 17 20 1
e 17 21 2
e 17 23 2
e 17 24 1
e 17 25 1
e 17 27 1
e 17 28 1
e 17 29 1
e 18 22 1
e 18 19 1
e 18 20 1
e 18 21 1
e 18 23 1
e 18 24 1
e 19 26 1
e 19 22 2
e 19 20 1
e 19 21 2
e 19 23 2
e 19 24 1
e 19 25 1
e 19 28 2
e 19 27 2
e 19 29 1
e 20 22 1
e 20 21 1
e 20 23 1
e 20 24 1
e 21 26 1
e 21 22 2
e 21 23 2
e 21 24 1
e 21 25 1
e 22 26 3
e 22 23 2
e 22 24 1
e 22 25 2
e 22 27 2
e 22 28 1
e 22 29 2
e 23 26 1
e 23 24 1
e 23 25 1
e 25 26 2
e 26 29 1
e 26 27 1
e 27 29 2
e 27 28 2
e 28 29 1
t # 236
v 0 0
v 1 0
v 2 0
v 3 0
v 4 1
v 5 1
v 6 1
v 7 0
v 8 0
v 9 1
e 0 1 3
e 0 2 2
e 0 3 2
e 0 4 2
e 0 5 1
e 0 6 2
e 0 7 1
e 1 7 2
e 1 8 2
e 1 3 3
e 1 9 1
e 1 6 2
e 1 2 1
e 1 4 2
e 1 5 1
e 2 3 2
e 2 4 1
e 2 5 1
e 2 6 1
e 3 9 1
e 3 6 1
e 3 4 2
e 3 5 2
e 3 8 2
e 3 7 2
e 4 7 2
e 4 8 2
e 4 5 2
e 5 7 2
e 5 8 2
e 6 9 1
e 7 8 3
t # 237
v 0 1
v 1 0
v 2 0
v 3 2
e 0 1 2
e 0 2 2
e 0 3 1
e 1 2 2
e 1 3 1
e 2 3 2
t # 238
v 0 0
v 1 0
v 2 2
v 3 0
v 4 0
v 5 0
e 0 1 2
e 0 2 2
e 0 3 2
e 0 4 2
e 0 5 1
e 1 2 2
e 1 3 2
e 2 3 2
e 2 4 1
e 4 5 2
t # 239
v 0 0
v 1 0
v 2 0
v 3 1
v 4 1
e 0 1 2
e 0 2 2
e 0 3 1
e 0 4 1
e 1 2 2
e 1 4 2
e 2 4 2
e 2 3 2
e 3 4 1
t # 240
v 0 0
v 1 1
v 2 0
v 3 0
v 4 0
v 5 1
v 6 2
v 7 0
e 0 1 1
e 0 2 1
e 1 3 2
e 1 4 1
e 1 5 1
e 2 4 2
e 2 3 1
e 2 5 1
e 2 6 1
e 2 7 1
e 3 4 3
e 3 5 2
e 3 6 2
e 3 7 2
e 4 5 2
e 4 6 2
e 4 7 2
e 5 6 2
e 5 7 1
e 6 7 2
t # 241
v 0 1
v 1 1
v 2 1
v 3 1
v 4 0
v 5 0
v 6 0
v 7 2
v 8 0
v 9 2
e 0 1 2
e 0 2 2
e 0 3 2
e 0 4 2
e 0 5 2
e 1 2 2
e 1 3 1
e 1 6 2
e 1 7 1
e 1 4 2
e 1 5 2
e 1 8 2
e 2 3 2
e 2 5 2
e 2 4 2
e 3 5 2
e 3 4 2
e 4 8 1
e 4 6 2
e 4 5 3
e 4 9 1
e 5 8 1
e 5 6 2
e 6 8 2
e 6 7 1
t # 242
v 0 1
v 1 0
v 2 1
v 3 2
v 4 1
v 5 1
v 6 0
v 7 0
v 8 0
v 9 0
v 10 1
v 11 1
v 12 1
e 0 1 3
e 0 2 2
e 0 3 3
e 0 4 1
e 0 5 2
e 0 6 1
e 0 7 2
e 0 8 2
e 0 9 1
e 0 10 1
e 1 2 2
e 1 3 3
e 1 4 1
e 1 5 2
e 1 6 1
e 1 7 2
e 1 8 2
e 1 9 1
e 1 10 1
e 2 8 1
e 2 11 1
e 2 10 2
e 2 3 2
e 2 5 1
e 2 7 1
e 3 8 2
e 3 6 1
e 3 7 1
e 3 5 3
e 3 4 2
e 3 11 1
e 3 9 2
e 3 10 1
e 4 5 2
e 4 11 1
e 5 8 2
e 5 7 1
e 5 11 1
e 5 9 1
e 5 10 1
e 6 8 2
e 6 7 3
e 6 10 1
e 6 9 2
e 7 8 2
e 7 10 2
e 7 9 2
e 7 12 1
e 8 9 3
e 8 10 1
e 9 12 1
t # 243
v 0 1
v 1 2
v 2 0
v 3 0
v 4 0
v 5 1
v 6 0
v 7 0
v 8 0
e 0 1 2
e 0 2 2
e 0 3 2
e 0 4 2
e 0 5 2
e 0 6 2
e 0 7 2
e 1 2 1
e 2 7 1
e 3 5 3
e 3 4 3
e 3 7 2
e 3 6 1
e 4 5 3
e 4 7 2
e 4 6 2
e 5 7 2
e 5 6 2
e 6 7 2
e 6 8 2
e 7 8 1
t # 244
v 0 2
v 1 2
v 2 0
v 3 2
v 4 1
v 5 0
v 6 0
v 7 0
v 8 1
v 9 2
v 10 2
v 11 2
v 12 2
v 13 0
v 14 0
e 0 1 2
e 0 2 2
e 0 3 1
e 0 4 1
e 1 2 2
e 1 3 1
e 2 5 1
e 2 6 1
e 2 3 1
e 4 5 2
e 4 8 2
e 4 14 2
e 5 7 2
e 5 6 2
e 5 8 2
e 5 9 1
e 5 10 1
e 6 7 2
e 6 11 1
e 6 12 1
e 6 13 1
e 9 10 1
e 11 12 1
e 11 13 1
e 12 13 1
t # 245
v 0 0
v 1 1
v 2 1
v 3 0
v 4 1
v 5 0
v 6 1
v 7 1
v 8 1
v 9 1
v 10 1
e 0 1 2
e 0 2 2
e 0 3 2
e 0 4 1
e 0 5 1
e 1 2 1
e 1 6 2
e 1 3 2
e 1 5 2
e 1 7 1
e 2 4 2
e 2 8 1
e 2 7 2
e 2 3 1
e 3 4 1
e 3 7 1
e 3 5 2
e 4 8 1
e 4 7 2
e 5 7 1
e 6 7 1
e 6 9 1
e 7 9 2
e 8 10 2
t # 246
v 0 0
v 1 0
v 2 0
v 3 1
v 4 1
v 5 1
v 6 1
v 7 2
v 8 0
v 9 0
v 10 1
e 0 1 3
e 0 2 3
e 0 3 2
e 0 4 1
e 0 5 2
e 0 6 1
e 0 7 1
e 0 8 1
e 1 2 3
e 1 3 3
e 1 4 2
e 1 5 3
e 1 6 2
e 1 9 1
e 1 10 2
e 1 8 2
e 2 3 3
e 2 5 3
e 2 6 2
e 2 9 1
e 2 4 2
e 2 10 2
e 2 7 1
e 2 8 2
e 3 4 2
e 3 5 2
e 3 6 1
e 3 8 2
e 3 10 1
e 4 5 2
e 4 10 1
e 4 8 1
e 5 6 2
e 5 9 1
e 5 8 2
e 5 10 1
e 6 9 1
e 8 10 1
t # 247
v 0 0
v 1 0
v 2 0
v 3 0
v 4 1
v 5 1
v 6 0
v 7 2
v 8 1
v 9 1
v 10 2
v 11 2
v 12 0
v 13 2
v 14 2
e 0 1 2
e 0 2 3
e 0 3 2
e 0 4 2
e 0 5 2
e 0 6 1
e 0 7 1
e 0 8 2
e 0 9 1
e 1 5 2
e 1 9 2
e 1 10 1
e 1 11 1
e 1 4 2
e 1 3 2
e 1 8 2
e 1 2 2
e 1 12 1
e 2 5 2
e 2 9 2
e 2 4 2
e 2 6 1
e 2 7 1
e 2 8 2
e 2 3 2
e 3 5 2
e 3 9 1
e 3 4 2
e 3 14 1
e 3 8 2
e 3 12 2
e 3 6 1
e 4 5 2
e 4 9 1
e 4 8 1
e 5 10 2
e 5 11 2
e 5 9 2
e 5 8 2
e 6 8 1
e 6 7 1
e 6 12 1
e 8 9 1
e 8 12 1
e 9 10 2
e 9 11 2
e 9 13 1
e 10 11 2
e 10 13 1
e 11 13 1
t # 248
v 0 1
v 1 0
v 2 0
v 3 2
e 0 1 2
e 0 2 2
e 0 3 1
e 1 2 1
e 2 3 1
t # 249
v 0 0
v 1 0
v 2 1
v 3 0
v 4 0
v 5 0
v 6 1
v 7 0
v 8 0
e 0 1 2
e 0 2 2
e 0 3 1
e 0 4 2
e 0 5 1
e 0 6 1
e 1 6 2
e 1 3 1
e 1 5 2
e 1 2 2
e 1 4 2
e 2 6 2
e 2 5 2
e 2 4 3
e 3 6 1
e 4 6 2
e 4 8 1
e 4 5 2
e 5 6 2
e 6 7 2
t # 250
v 0 2
v 1 0
v 2 1
v 3 1
v 4 0
v 5 0
v 6 2
e 0 1 2
e 0 2 2
e 0 3 2
e 0 4 1
e 0 5 1
e 1 2 2
e 1 4 2
e 1 3 1
e 1 5 1
e 2 4 1
e 2 3 1
e 3 4 2
e 3 5 2
e 3 6 2
e 4 6 2
e 4 5 2
e 5 6 1
t # 251
v 0 0
v 1 0
v 2 1
v 3 0
e 0 1 2
e 0 2 1
e 0 3 2
e 1 3 1
e 2 3 1
t # 252
v 0 0
v 1 0
v 2 0
v 3 1
e 0 1 1
e 0 2 1
e 0 3 1
t # 253
v 0 0
v 1 1
v 2 2
v 3 1
v 4 1
v 5 1
v 6 0
v 7 0
v 8 2
e 0 1 2
e 0 2 2
e 0 3 2
e 0 4 1
e 0 5 2
e 0 6 1
e 0 7 1
e 0 8 1
e 1 6 2
e 1 3 3
e 1 5 3
e 1 2 2
e 1 4 2
e 1 7 2
e 2 6 1
e 2 3 3
e 2 5 2
e 2 4 1
e 2 7 1
e 2 8 1
e 3 6 2
e 3 5 3
e 3 4 2
e 3 7 2
e 3 8 1
e 4 6 1
e 4 5 2
e 4 7 2
e 5 6 2
e 5 7 2
e 5 8 1
e 6 7 1
t # 254
v 0 1
v 1 1
v 2 2
v 3 0
v 4 0
e 0 1 2
e 0 2 2
e 0 3 2
e 0 4 1
e 1 3 3
e 1 4 2
e 1 2 2
e 2 3 2
e 3 4 2
t # 255
v 0 1
v 1 1
v 2 0
v 3 1
v 4 2
v 5 2
v 6 0
e 0 1 2
e 0 2 2
e 0 3 2
e 0 4 1
e 0 5 1
e 1 6 1
e 1 2 1
e 1 3 2
e 2 3 2
e 3 4 1
t # 256
v 0 0
v 1 2
v 2 0
v 3 0
v 4 2
v 5 0
v 6 0
v 7 2
v 8 1
v 9 2
v 10 2
v 11 0
v 12 2
v 13 2
v 14 2
e 0 1 1
e 0 2 2
e 0 3 3
e 0 4 2
e 0 5 2
e 0 6 2
e 0 7 1
e 0 8 1
e 1 2 2
e 1 3 1
e 1 4 2
e 1 5 3
e 1 8 2
e 1 7 1
e 1 6 2
e 2 3 1
e 2 4 1
e 2 5 2
e 2 6 2
e 2 7 1
e 2 8 2
e 3 4 2
e 3 6 2
e 3 5 1
e 3 8 1
e 4 6 2
e 4 7 1
e 4 8 1
e 5 6 2
e 5 8 3
e 5 7 2
e 5 11 1
e 5 12 1
e 5 13 1
e 5 14 1
e 5 10 1
e 5 9 1
e 6 7 1
e 6 8 1
e 7 8 2
e 8 9 2
e 8 10 2
e 12 13 1
e 12 14 1
e 13 14 1
t # 257
v 0 1
v 1 1
v 2 0
v 3 0
v 4 1
v 5 0
v 6 0
v 7 0
v 8 0
e 0 1 2
e 0 2 2
e 0 3 1
e 0 4 1
e 0 5 2
e 0 6 1
e 1 2 2
e 1 3 1
e 2 6 2
e 2 4 2
e 2 3 1
e 2 5 2
e 3 6 1
e 3 4 1
e 3 7 1
e 3 5 2
e 4 6 1
e 4 7 1
e 4 5 2
e 5 6 2
e 5 8 2
e 6 7 1
t # 258
v 0 0
v 1 0
v 2 1
v 3 0
v 4 1
v 5 1
v 6 1
e 0 1 2
e 0 2 2
e 0 3 2
e 0 4 2
e 0 5 2
e 1 2 1
e 1 5 2
e 2 3 3
e 2 4 2
e 2 5 2
e 3 5 2
e 3 6 1
e 4 5 2
e 5 6 2
t # 259
v 0 1
v 1 1
v 2 1
v 3 2
v 4 0
v 5 0
v 6 0
v 7 0
v 8 1
v 9 0
v 10 0
v 11 0
e 0 1 2
e 0 2 2
e 0 3 1
e 0 4 2
e 0 5 2
e 0 6 2
e 0 7 2
e 1 7 2
e 2 8 2
e 2 3 2
e 2 7 1
e 2 5 1
e 3 8 1
e 4 9 1
e 4 7 2
e 4 5 2
e 4 11 1
e 4 6 2
e 5 7 2
e 5 10 1
e 5 6 2
e 5 11 2
e 6 10 1
e 7 9 1
e 9 10 1
t # 260
v 0 1
v 1 1
v 2 0
v 3 0
v 4 0
v 5 1
v 6 2
v 7 0
v 8 0
e 0 1 2
e 0 2 2
e 0 3 1
e 0 4 2
e 0 5 2
e 0 6 2
e 2 3 1
e 2 6 2
e 2 4 2
e 2 5 2
e 4 6 2
e 4 7 1
e 4 5 1
e 5 6 2
e 6 7 1
e 6 8 1
e 7 8 1
t # 261
v 0 1
v 1 1
v 2 0
v 3 0
v 4 0
v 5 1
v 6 2
v 7 0
v 8 0
e 0 1 2
e 0 2 2
e 0 3 1
e 0 4 2
e 0 5 2
e 0 6 2
e 2 3 1
e 2 6 2
e 2 4 2
e 2 5 2
e 4 6 2
e 4 7 1
e 4 5 1
e 5 6 2
e 6 7 1
e 6 8 1
e 7 8 1
t # 262
v 0 1
v 1 1
v 2 0
v 3 0
v 4 0
v 5 0
v 6 0
v 7 0
v 8 0
v 9 0
v 10 0
v 11 0
v 12 0
v 13 0
v 14 0
v 15 0
e 0 1 2
e 0 2 2
e 0 3 2
e 0 4 1
e 1 2 2
e 1 7 3
e 1 10 2
e 1 11 1
e 1 12 1
e 1 6 1
e 1 3 2
e 1 4 2
e 2 5 1
e 2 3 2
e 2 4 1
e 3 7 1
e 3 10 1
e 3 4 2
e 4 7 1
e 4 6 2
e 4 10 2
e 4 15 2
e 5 6 1
e 5 7 1
e 5 8 1
e 5 9 1
e 6 10 2
e 7 13 1
e 7 14 1
e 7 10 2
e 7 11 1
e 7 12 1
e 8 9 1
e 10 11 1
e 10 12 1
e 11 12 1
t # 263
v 0 1
v 1 1
v 2 1
v 3 0
v 4 0
v 5 0
v 6 1
v 7 0
v 8 2
v 9 0
e 0 1 2
e 0 2 2
e 0 3 2
e 0 4 2
e 0 5 2
e 0 6 1
e 0 7 1
e 0 8 1
e 0 9 1
e 1 5 2
e 1 7 2
e 1 6 1
e 1 2 2
e 1 9 1
e 1 4 1
e 2 4 2
e 2 3 2
e 2 7 2
e 2 5 2
e 2 6 2
e 2 8 1
e 2 9 1
e 3 4 3
e 3 7 2
e 3 5 2
e 4 7 2
e 4 5 2
e 4 9 1
e 5 7 1
e 5 6 1
e 5 9 1
e 7 8 1
t # 264
v 0 0
v 1 1
v 2 1
v 3 0
v 4 1
v 5 0
v 6 0
v 7 2
v 8 0
v 9 0
v 10 0
v 11 0
e 0 1 2
e 0 2 2
e 0 3 2
e 0 4 1
e 0 5 1
e 0 6 1
e 0 7 1
e 1 4 3
e 1 7 2
e 1 5 2
e 1 8 2
e 1 9 2
e 1 2 2
e 1 6 2
e 1 10 1
e 1 11 1
e 1 3 1
e 2 11 2
e 2 4 3
e 2 3 3
e 2 5 3
e 2 10 1
e 3 11 2
e 3 8 1
e 3 5 3
e 3 4 3
e 3 9 1
e 3 6 1
e 3 10 1
e 4 11 2
e 4 7 1
e 4 8 1
e 4 5 3
e 4 9 1
e 4 10 2
e 5 11 2
e 5 7 1
e 5 8 2
e 5 9 2
e 5 6 1
e 5 10 1
e 6 7 2
e 6 8 2
e 6 9 1
e 7 8 2
e 7 9 2
e 8 9 2
e 10 11 2
t # 265
v 0 0
v 1 0
v 2 1
v 3 0
v 4 0
v 5 0
v 6 1
v 7 1
v 8 0
v 9 0
e 0 1 2
e 0 2 2
e 0 3 2
e 0 4 2
e 0 5 2
e 0 6 1
e 0 7 1
e 1 3 1
e 1 7 1
e 1 5 1
e 1 2 1
e 2 3 3
e 2 4 3
e 2 8 1
e 2 7 1
e 2 5 1
e 2 6 1
e 3 4 3
e 3 7 2
e 3 6 2
e 3 5 2
e 3 8 1
e 4 5 2
e 4 7 2
e 4 8 1
e 4 6 1
e 5 7 2
e 5 6 2
e 5 8 1
e 6 7 3
e 6 9 1
e 7 9 1
t # 266
v 0 1
v 1 1
v 2 0
v 3 0
v 4 1
v 5 2
v 6 0
v 7 0
v 8 0
v 9 0
e 0 1 2
e 0 2 1
e 0 3 2
e 0 4 2
e 0 5 2
e 0 6 1
e 0 7 1
e 1 4 2
e 1 2 1
e 1 5 1
e 2 4 2
e 2 3 2
e 2 8 1
e 2 5 1
e 3 4 2
e 3 5 2
e 3 9 1
e 3 7 1
e 3 6 1
e 4 5 2
e 4 6 1
e 5 6 2
e 5 7 2
e 6 7 2
t # 267
v 0 0
v 1 0
v 2 0
v 3 0
v 4 1
v 5 1
v 6 0
v 7 0
v 8 0
v 9 0
v 10 0
v 11 0
e 0 1 2
e 0 2 1
e 1 2 3
e 1 3 1
e 1 4 1
e 1 5 1
e 3 4 1
e 3 5 1
e 4 6 3
e 4 7 2
e 4 9 1
e 4 8 1
e 4 10 1
e 4 5 3
e 4 11 2
e 5 6 2
e 5 7 1
e 5 9 1
e 5 11 2
e 6 7 3
e 6 8 1
e 6 9 2
e 6 10 2
e 6 11 2
e 7 8 1
e 7 10 2
e 7 9 1
e 9 10 1
t # 268
v 0 0
v 1 0
v 2 0
v 3 1
v 4 1
v 5 1
v 6 1
v 7 0
v 8 0
e 0 1 1
e 0 2 2
e 0 3 1
e 1 4 2
e 1 3 2
e 1 2 1
e 1 5 1
e 1 6 2
e 2 4 2
e 2 3 2
e 2 6 1
e 3 4 2
e 4 7 1
e 5 6 2
e 6 7 1
e 6 8 1
t # 269
v 0 0
v 1 0
v 2 0
v 3 1
v 4 1
v 5 1
v 6 1
v 7 0
v 8 0
e 0 1 1
e 0 2 2
e 0 3 1
e 1 4 2
e 1 3 2
e 1 2 1
e 1 5 1
e 1 6 2
e 2 4 2
e 2 3 2
e 2 6 1
e 3 4 2
e 4 7 1
e 5 6 2
e 6 7 1
e 6 8 1
t # 270
v 0 0
v 1 2
v 2 1
v 3 0
v 4 0
v 5 1
v 6 2
v 7 0
e 0 1 2
e 0 2 2
e 0 3 2
e 0 4 2
e 0 5 2
e 0 6 1
e 1 2 2
e 1 4 2
e 1 6 2
e 1 5 1
e 2 5 2
e 2 6 2
e 2 7 1
e 3 4 1
e 3 6 1
e 3 5 2
e 3 7 1
e 4 6 2
e 5 6 2
e 5 7 1
e 6 7 2
t # 271
v 0 0
v 1 0
v 2 1
v 3 0
v 4 0
v 5 1
v 6 2
v 7 1
v 8 0
e 0 1 2
e 0 2 2
e 0 3 2
e 0 4 2
e 0 5 2
e 0 6 1
e 0 7 1
e 1 2 3
e 1 4 2
e 1 7 2
e 1 5 1
e 1 6 1
e 2 5 2
e 2 7 2
e 2 8 1
e 2 6 1
e 3 4 1
e 3 7 1
e 3 6 1
e 3 5 2
e 3 8 1
e 4 7 2
e 5 7 2
e 5 6 2
e 5 8 1
e 6 7 2
e 6 8 1
e 7 8 2
t # 272
v 0 0
v 1 0
v 2 0
v 3 0
v 4 1
v 5 2
v 6 1
v 7 1
v 8 0
v 9 0
v 10 0
v 11 2
e 0 1 3
e 0 2 2
e 0 3 1
e 0 4 2
e 0 5 1
e 1 2 2
e 1 3 1
e 1 4 1
e 2 3 1
e 3 5 1
e 3 6 1
e 4 7 2
e 4 8 2
e 4 5 2
e 4 6 2
e 5 8 2
e 5 9 1
e 5 6 2
e 6 8 1
e 6 10 1
e 6 11 1
e 7 8 2
e 10 11 1
t # 273
v 0 1
v 1 0
v 2 0
v 3 0
v 4 0
v 5 1
v 6 0
v 7 1
e 0 1 2
e 0 2 2
e 0 3 2
e 0 4 2
e 0 5 2
e 1 2 2
e 1 5 2
e 1 3 3
e 1 4 2
e 1 6 1
e 2 5 3
e 2 4 2
e 2 3 2
e 2 6 1
e 3 5 2
e 3 6 2
e 3 4 3
e 4 5 2
e 4 7 1
e 4 6 1
e 5 7 2
e 5 6 2
t # 274
v 0 0
v 1 1
v 2 1
v 3 0
v 4 1
v 5 0
v 6 1
v 7 1
v 8 0
v 9 2
v 10 0
e 0 1 3
e 0 2 1
e 0 3 2
e 0 4 2
e 0 5 2
e 0 6 1
e 0 7 1
e 0 8 1
e 1 2 2
e 1 3 2
e 1 6 2
e 1 4 2
e 1 7 1
e 1 8 1
e 2 6 1
e 3 7 1
e 3 4 3
e 3 8 2
e 3 5 2
e 3 9 1
e 3 10 2
e 4 8 1
e 4 5 2
e 5 10 1
e 7 8 1
e 8 9 1
t # 275
v 0 0
v 1 0
v 2 1
v 3 0
v 4 1
v 5 0
v 6 0
v 7 0
v 8 0
v 9 1
v 10 2
v 11 2
v 12 1
e 0 1 2
e 0 2 2
e 1 3 2
e 1 4 2
e 1 5 1
e 1 2 1
e 2 3 2
e 2 4 1
e 2 7 2
e 2 6 2
e 2 12 2
e 2 5 2
e 2 10 1
e 2 8 1
e 3 4 2
e 3 5 2
e 3 6 1
e 3 7 1
e 3 8 1
e 4 9 2
e 4 7 2
e 4 6 1
e 4 5 1
e 4 10 1
e 4 8 1
e 4 11 1
e 5 7 1
e 5 6 1
e 5 10 1
e 5 8 1
e 6 7 2
e 7 8 2
e 9 11 1
t # 276
v 0 1
v 1 0
v 2 2
v 3 0
v 4 0
v 5 0
v 6 2
e 0 1 2
e 0 2 2
e 0 3 3
e 0 4 2
e 0 5 2
e 1 3 2
e 1 4 2
e 1 5 2
e 1 2 2
e 2 3 2
e 2 4 2
e 2 5 1
e 3 4 3
e 3 5 2
e 3 6 1
e 4 5 1
t # 277
v 0 0
v 1 0
v 2 1
v 3 0
v 4 0
v 5 1
v 6 0
v 7 0
v 8 0
e 0 1 2
e 1 2 3
e 1 3 2
e 1 4 2
e 2 5 2
e 2 4 2
e 2 6 2
e 2 7 2
e 2 3 1
e 4 6 2
e 4 7 1
e 7 8 2
t # 278
v 0 1
v 1 0
v 2 1
v 3 1
v 4 0
v 5 0
v 6 0
e 0 1 2
e 0 2 2
e 0 3 2
e 1 4 2
e 1 3 1
e 1 2 1
e 1 5 1
e 2 4 2
e 2 6 1
e 2 5 2
e 2 3 2
e 3 4 2
e 3 6 2
e 3 5 2
e 4 6 2
e 4 5 2
t # 279
v 0 2
v 1 2
v 2 0
v 3 1
v 4 1
v 5 0
v 6 1
v 7 0
v 8 0
e 0 1 2
e 0 2 2
e 0 3 2
e 0 4 2
e 0 5 1
e 1 2 1
e 1 4 1
e 2 4 1
e 2 3 2
e 2 5 1
e 2 6 1
e 3 4 2
e 3 6 2
e 3 7 1
e 3 5 1
e 4 5 2
e 4 7 1
e 4 6 1
e 5 8 1
t # 280
v 0 0
v 1 1
v 2 1
v 3 1
v 4 0
v 5 0
v 6 0
v 7 0
v 8 0
v 9 1
v 10 0
v 11 0
e 0 1 1
e 1 2 2
e 1 3 2
e 1 4 2
e 1 5 2
e 1 6 1
e 1 7 2
e 1 8 1
e 3 9 1
e 3 5 2
e 3 8 1
e 3 7 1
e 3 10 2
e 3 6 1
e 4 6 2
e 4 10 1
e 5 7 2
e 5 6 1
e 5 10 2
e 5 11 1
e 6 10 1
e 7 8 1
e 10 11 1
t # 281
v 0 1
v 1 1
v 2 1
v 3 0
v 4 0
v 5 0
v 6 0
e 0 1 2
e 0 2 2
e 0 3 2
e 0 4 2
e 0 5 1
e 1 2 1
e 2 4 1
e 2 5 1
e 2 3 1
e 3 4 2
e 3 5 1
e 5 6 1
t # 282
v 0 0
v 1 0
v 2 1
v 3 1
v 4 0
v 5 1
v 6 0
v 7 0
v 8 0
e 0 1 2
e 0 2 2
e 0 3 2
e 0 4 2
e 0 5 2
e 0 6 1
e 0 7 1
e 0 8 1
e 1 3 2
e 1 2 1
e 1 4 1
e 1 6 1
e 1 7 2
e 1 8 1
e 2 5 2
e 2 8 2
e 2 3 2
e 2 4 2
e 2 7 1
e 3 5 1
e 3 8 1
e 3 4 2
e 3 7 2
e 4 8 2
e 4 7 2
e 5 6 1
e 5 8 1
t # 283
v 0 0
v 1 0
v 2 0
v 3 0
v 4 1
v 5 0
v 6 1
e 0 1 1
e 0 2 2
e 0 3 1
e 0 4 2
e 0 5 1
e 0 6 1
e 1 4 1
e 1 3 1
e 1 2 1
e 2 3 2
e 2 4 3
e 2 5 2
e 2 6 1
e 3 5 2
e 3 4 2
e 4 5 2
e 4 6 3
t # 284
v 0 1
v 1 2
v 2 1
v 3 1
v 4 0
v 5 1
v 6 0
v 7 0
e 0 1 2
e 0 2 3
e 0 3 3
e 0 4 2
e 0 5 3
e 0 6 2
e 1 2 3
e 1 3 2
e 1 4 2
e 1 6 2
e 1 5 3
e 1 7 1
e 2 3 3
e 2 4 3
e 2 5 3
e 2 7 1
e 2 6 2
e 3 4 3
e 3 5 3
e 3 7 1
e 3 6 2
e 4 5 3
e 4 7 2
e 4 6 2
e 5 7 1
e 5 6 2
e 6 7 1
t # 285
v 0 2
v 1 0
v 2 1
v 3 0
v 4 0
v 5 1
v 6 1
v 7 0
v 8 1
v 9 0
e 0 1 2
e 0 2 3
e 0 3 2
e 0 4 2
e 0 5 2
e 0 6 1
e 0 7 1
e 1 5 2
e 1 4 2
e 1 2 2
e 1 7 1
e 2 5 2
e 2 6 1
e 2 3 3
e 2 8 2
e 2 4 2
e 2 7 1
e 3 5 2
e 3 4 2
e 3 9 2
e 4 5 2
e 4 9 1
e 4 7 1
e 5 6 2
e 5 7 1
t # 286
v 0 1
v 1 1
v 2 0
v 3 1
v 4 0
v 5 1
v 6 0
e 0 1 2
e 0 2 2
e 0 3 2
e 0 4 3
e 1 4 1
e 2 4 3
e 2 3 2
e 3 5 2
e 3 6 1
e 3 4 2
e 4 6 1
e 5 6 1
t # 287
v 0 0
v 1 0
v 2 1
v 3 1
v 4 2
v 5 0
v 6 1
e 0 1 2
e 0 2 3
e 0 3 2
e 0 4 3
e 0 5 1
e 1 4 1
e 1 2 1
e 2 6 2
e 2 3 2
e 2 4 3
e 2 5 2
e 3 4 2
e 3 5 1
e 4 6 1
e 4 5 2
e 5 6 1
t # 288
v 0 2
v 1 0
v 2 2
v 3 0
v 4 1
v 5 0
v 6 0
e 0 1 2
e 0 2 2
e 0 3 1
e 0 4 1
e 0 5 1
e 0 6 1
e 1 4 2
e 1 2 1
e 2 4 3
e 2 3 1
e 2 6 2
e 3 4 2
e 4 6 2
t # 289
v 0 1
v 1 0
v 2 1
v 3 0
v 4 0
v 5 0
v 6 0
v 7 1
e 0 1 3
e 0 2 2
e 0 3 2
e 0 4 2
e 1 5 2
e 1 4 2
e 1 2 2
e 1 3 2
e 1 6 2
e 2 4 2
e 2 7 2
e 2 3 2
e 2 6 1
e 3 4 2
e 3 6 1
e 4 6 2
t # 290
v 0 1
v 1 1
v 2 0
v 3 1
v 4 0
v 5 0
v 6 0
v 7 0
v 8 1
e 0 1 1
e 0 2 2
e 0 3 2
e 0 4 2
e 0 5 1
e 0 6 1
e 2 4 2
e 2 5 2
e 2 3 2
e 2 7 1
e 2 8 1
e 2 6 2
e 3 4 2
e 3 5 2
e 3 8 2
e 3 6 2
e 4 5 1
e 4 6 1
e 5 7 1
e 5 6 1
t # 291
v 0 0
v 1 0
v 2 0
v 3 1
v 4 1
v 5 0
v 6 0
v 7 0
v 8 1
v 9 1
e 0 1 2
e 0 2 1
e 0 3 2
e 0 4 2
e 0 5 2
e 0 6 1
e 1 2 2
e 1 6 2
e 1 4 3
e 1 7 3
e 1 5 3
e 1 3 2
e 2 5 2
e 3 4 2
e 3 7 1
e 3 5 2
e 3 9 1
e 4 6 1
e 4 8 1
e 4 7 2
e 4 5 3
e 5 6 1
e 5 7 2
t # 292
v 0 0
v 1 0
v 2 1
v 3 0
v 4 0
v 5 1
v 6 0
v 7 0
v 8 0
e 0 1 2
e 0 2 2
e 0 3 2
e 0 4 2
e 0 5 1
e 1 6 2
e 1 7 2
e 1 2 2
e 1 3 2
e 1 4 2
e 1 5 1
e 2 6 1
e 2 7 2
e 2 5 2
e 2 3 2
e 2 4 2
e 3 6 1
e 3 7 2
e 3 5 1
e 3 4 1
e 4 5 1
e 4 8 2
e 6 7 1
t # 293
v 0 1
v 1 0
v 2 1
v 3 0
v 4 1
v 5 0
v 6 0
v 7 1
e 0 1 3
e 0 2 2
e 0 3 2
e 0 4 2
e 0 5 1
e 0 6 1
e 1 2 2
e 1 3 2
e 1 5 2
e 2 3 1
e 2 7 1
e 3 6 2
e 4 6 1
t # 294
v 0 1
v 1 1
v 2 1
v 3 0
v 4 0
v 5 0
v 6 0
v 7 1
e 0 1 3
e 0 2 2
e 0 3 2
e 0 4 2
e 0 5 2
e 0 6 1
e 1 7 2
e 1 6 3
e 1 5 2
e 1 3 2
e 1 4 1
e 1 2 1
e 3 6 2
e 3 5 2
e 3 4 1
e 4 5 2
e 5 6 1
e 6 7 1
t # 295
v 0 0
v 1 0
v 2 0
v 3 1
v 4 0
v 5 0
v 6 1
v 7 0
e 0 1 1
e 0 2 1
e 0 3 2
e 0 4 2
e 0 5 2
e 0 6 1
e 1 4 2
e 1 5 2
e 1 3 1
e 2 4 2
e 2 3 1
e 3 6 3
e 3 5 2
e 3 4 3
e 3 7 1
e 4 6 2
e 4 5 2
e 4 7 2
t # 296
v 0 1
v 1 1
v 2 0
v 3 0
v 4 0
v 5 0
v 6 1
v 7 0
v 8 1
e 0 1 1
e 0 2 2
e 0 3 1
e 0 4 2
e 0 5 2
e 0 6 2
e 0 7 1
e 1 6 1
e 1 4 1
e 2 6 2
e 2 4 3
e 2 5 2
e 2 3 2
e 2 7 1
e 3 6 3
e 3 7 2
e 3 4 3
e 3 5 2
e 4 6 3
e 4 7 2
e 4 5 3
e 5 6 2
e 5 7 2
e 6 8 1
e 6 7 2
t # 297
v 0 1
v 1 1
v 2 0
v 3 1
v 4 0
v 5 0
v 6 2
v 7 0
v 8 1
e 0 1 2
e 0 2 2
e 0 3 1
e 0 4 2
e 0 5 1
e 1 2 3
e 1 3 2
e 1 6 1
e 1 4 2
e 1 5 1
e 2 3 2
e 2 6 1
e 2 7 2
e 2 4 3
e 2 5 2
e 3 4 3
e 3 8 2
e 3 5 1
e 3 7 2
e 4 5 2
e 4 8 1
e 7 8 1
t # 298
v 0 0
v 1 0
v 2 1
v 3 1
v 4 0
v 5 1
v 6 0
v 7 1
e 0 1 2
e 0 2 2
e 1 3 3
e 1 2 3
e 1 4 2
e 2 3 2
e 2 7 2
e 2 4 2
e 3 5 2
e 3 4 2
e 3 6 2
e 5 6 1
t # 299
v 0 0
v 1 0
v 2 2
v 3 2
v 4 0
v 5 0
v 6 1
v 7 1
v 8 0
v 9 0
v 10 2
v 11 1
e 0 1 2
e 0 2 2
e 0 3 2
e 0 4 1
e 0 5 1
e 0 6 2
e 0 7 2
e 0 8 2
e 0 9 1
e 1 3 2
e 1 6 2
e 1 7 1
e 1 2 1
e 1 8 1
e 2 3 2
e 2 4 1
e 2 5 1
e 2 6 2
e 2 10 1
e 2 8 1
e 3 4 1
e 3 5 1
e 3 6 2
e 3 7 1
e 3 10 1
e 3 8 2
e 3 9 1
e 4 5 1
e 6 11 3
e 6 8 2
e 6 9 1
e 8 11 1
e 8 9 1
t # 300
v 0 0
v 1 2
v 2 0
v 3 0
v 4 1
v 5 0
v 6 0
v 7 1
e 0 1 2
e 0 2 3
e 0 3 1
e 0 4 2
e 0 5 3
e 2 6 2
e 2 4 2
e 2 5 2
e 4 7 1
e 4 5 2
e 5 6 1
t # 301
v 0 0
v 1 0
v 2 0
v 3 1
v 4 1
v 5 0
v 6 0
v 7 0
v 8 2
v 9 0
v 10 0
v 11 0
e 0 1 1
e 0 2 2
e 0 3 2
e 0 4 2
e 0 5 2
e 0 6 1
e 0 7 1
e 0 8 2
e 2 4 1
e 3 4 1
e 3 5 1
e 5 7 2
e 5 9 1
e 6 10 1
e 7 9 1
e 7 11 1
t # 302
v 0 1
v 1 0
v 2 0
v 3 1
v 4 0
v 5 2
v 6 0
v 7 0
v 8 1
v 9 1
v 10 0
e 0 1 1
e 0 2 2
e 0 3 2
e 0 4 1
e 0 5 1
e 0 6 2
e 0 7 2
e 0 8 1
e 1 8 1
e 2 3 2
e 2 8 1
e 3 4 1
e 3 8 1
e 3 6 1
e 4 5 1
e 5 8 2
e 5 10 1
e 5 7 1
e 5 6 1
e 6 8 1
e 6 7 2
e 8 9 1
t # 303
v 0 0
v 1 0
v 2 0
v 3 1
v 4 0
v 5 0
v 6 0
e 0 1 2
e 0 2 2
e 0 3 2
e 0 4 2
e 1 4 1
e 1 2 1
e 2 3 2
e 2 5 1
e 2 6 1
e 3 6 2
t # 304
v 0 0
v 1 0
v 2 2
v 3 0
v 4 0
v 5 1
v 6 0
v 7 1
v 8 0
e 0 1 1
e 0 2 2
e 0 3 2
e 0 4 1
e 0 5 1
e 0 6 1
e 1 6 1
e 2 5 2
e 2 4 2
e 2 3 1
e 3 5 2
e 3 4 1
e 3 6 2
e 4 6 1
e 5 6 1
e 5 7 1
e 6 8 1
t # 305
v 0 1
v 1 0
v 2 0
v 3 0
v 4 0
v 5 0
v 6 0
v 7 0
e 0 1 2
e 0 2 2
e 0 3 2
e 0 4 2
e 2 3 2
e 2 4 2
e 2 5 2
e 2 6 1
e 3 4 2
e 3 7 1
e 3 6 2
e 4 7 2
t # 306
v 0 0
v 1 0
v 2 0
v 3 1
v 4 1
v 5 1
v 6 0
v 7 1
v 8 1
e 0 1 2
e 0 2 2
e 0 3 2
e 0 4 2
e 0 5 1
e 0 6 1
e 2 4 2
e 2 3 1
e 2 6 1
e 3 5 2
e 3 4 2
e 3 6 2
e 3 7 2
e 4 5 2
e 4 8 2
e 4 6 1
e 5 6 1
t # 307
v 0 1
v 1 2
v 2 0
v 3 0
v 4 0
v 5 0
v 6 0
v 7 0
e 0 1 2
e 0 2 1
e 0 3 2
e 0 4 3
e 0 5 2
e 0 6 1
e 1 4 1
e 2 5 1
e 3 5 2
e 3 7 2
e 3 4 1
e 4 5 2
e 4 6 1
e 5 7 1
e 5 6 1
t # 308
v 0 0
v 1 0
v 2 0
v 3 1
v 4 0
v 5 0
v 6 1
v 7 0
v 8 1
v 9 0
v 10 1
e 0 1 2
e 0 2 1
e 0 3 1
e 0 4 1
e 0 5 1
e 1 2 1
e 1 5 2
e 1 4 2
e 1 6 1
e 1 3 1
e 2 7 1
e 2 5 1
e 2 6 2
e 2 4 2
e 3 5 1
e 3 9 1
e 3 10 1
e 3 4 2
e 4 5 3
e 4 6 3
e 5 6 2
e 6 8 1
t # 309
v 0 1
v 1 1
v 2 0
v 3 0
v 4 1
v 5 0
v 6 0
e 0 1 2
e 0 2 3
e 0 3 2
e 0 4 1
e 1 2 1
e 2 4 2
e 2 5 2
e 2 3 2
e 3 4 2
e 3 6 2
e 4 6 1
t # 310
v 0 2
v 1 0
v 2 0
v 3 0
v 4 0
v 5 1
v 6 0
v 7 1
v 8 0
v 9 0
v 10 0
e 0 1 2
e 1 2 2
e 1 3 2
e 2 4 1
e 2 3 2
e 2 5 1
e 2 6 2
e 2 7 1
e 2 8 1
e 2 9 2
e 2 10 1
e 3 6 2
e 3 5 1
e 3 7 1
e 4 6 1
e 5 7 2
e 5 6 1
e 6 7 1
e 9 10 1
t # 311
v 0 0
v 1 2
v 2 1
v 3 0
v 4 0
v 5 0
v 6 1
v 7 0
v 8 0
e 0 1 1
e 0 2 1
e 1 2 1
e 1 3 2
e 1 4 2
e 1 5 1
e 2 6 2
e 2 3 2
e 2 5 2
e 2 4 1
e 2 7 1
e 3 4 2
e 4 8 1
e 4 5 2
e 5 7 2
t # 312
v 0 2
v 1 1
v 2 0
v 3 1
v 4 0
v 5 2
e 0 1 3
e 0 2 3
e 0 3 2
e 0 4 3
e 1 2 2
e 1 3 2
e 1 4 3
e 1 5 1
e 2 3 2
e 2 4 3
e 3 4 3
e 3 5 1
e 4 5 1
t # 313
v 0 0
v 1 2
v 2 2
v 3 0
v 4 2
v 5 2
v 6 0
v 7 2
v 8 1
v 9 2
e 0 1 1
e 0 2 1
e 1 2 2
e 1 3 3
e 1 4 1
e 1 5 1
e 1 6 1
e 1 7 1
e 2 3 2
e 2 6 1
e 2 7 1
e 3 4 2
e 3 5 2
e 3 6 1
e 3 7 1
e 3 8 1
e 4 5 2
e 4 8 2
e 4 9 1
e 5 9 2
e 6 7 1
t # 314
v 0 0
v 1 0
v 2 1
v 3 1
v 4 0
v 5 0
v 6 0
v 7 1
v 8 1
e 0 1 2
e 0 2 2
e 0 3 2
e 0 4 1
e 1 2 3
e 1 5 2
e 1 4 3
e 1 3 3
e 1 6 2
e 1 7 1
e 2 5 2
e 2 4 3
e 2 3 2
e 2 8 1
e 2 7 1
e 3 5 1
e 3 4 2
e 3 7 2
e 3 6 1
e 4 5 1
e 4 8 1
e 4 6 2
e 5 8 1
e 5 7 1
e 5 6 1
e 6 7 1
t # 315
v 0 0
v 1 0
v 2 0
v 3 2
v 4 0
v 5 1
v 6 0
v 7 1
v 8 0
e 0 1 3
e 0 2 2
e 0 3 1
e 0 4 2
e 0 5 2
e 0 6 2
e 0 7 2
e 0 8 2
e 1 2 2
e 1 3 1
e 1 4 2
e 1 5 2
e 1 6 2
e 1 8 2
e 1 7 2
e 2 3 1
e 2 4 2
e 2 5 2
e 2 6 2
e 2 8 2
e 2 7 2
e 4 8 2
e 4 6 2
e 4 7 3
e 4 5 3
e 5 8 2
e 5 6 3
e 5 7 2
e 6 8 3
e 6 7 3
e 7 8 3
t # 316
v 0 1
v 1 0
v 2 1
v 3 0
v 4 0
v 5 0
v 6 2
v 7 0
v 8 0
e 0 1 3
e 0 2 2
e 0 3 2
e 0 4 2
e 0 5 1
e 1 2 2
e 1 3 1
e 1 6 1
e 1 4 2
e 1 7 1
e 2 8 1
e 2 5 2
e 2 4 2
e 4 8 1
e 4 6 1
e 4 7 1
e 4 5 2
e 5 8 2
e 6 7 1
t # 317
v 0 1
v 1 1
v 2 0
v 3 0
v 4 2
v 5 0
v 6 1
v 7 0
v 8 0
v 9 1
v 10 2
e 0 1 1
e 0 2 1
e 0 3 2
e 0 4 2
e 0 5 2
e 0 6 1
e 0 7 1
e 1 4 1
e 2 5 2
e 2 8 1
e 2 6 1
e 2 9 1
e 3 10 2
e 3 6 2
e 3 5 2
e 3 8 1
e 3 4 1
e 4 6 2
e 4 5 2
e 4 8 1
e 5 6 2
e 5 9 1
e 5 8 2
e 5 7 2
e 6 9 2
t # 318
v 0 1
v 1 0
v 2 0
v 3 2
v 4 1
v 5 0
e 0 1 2
e 0 2 1
e 0 3 2
e 0 4 1
e 1 2 1
e 1 3 2
e 1 4 1
e 2 3 1
e 3 4 1
e 3 5 1
t # 319
v 0 1
v 1 1
v 2 0
v 3 0
v 4 2
v 5 2
v 6 0
v 7 2
e 0 1 2
e 0 2 2
e 0 3 2
e 0 4 1
e 0 5 1
e 0 6 1
e 1 3 2
e 1 2 2
e 1 4 1
e 1 5 1
e 1 6 1
e 2 3 3
e 2 4 1
e 2 5 1
e 2 7 2
e 2 6 2
e 3 4 1
e 3 5 1
e 3 6 1
e 4 5 1
e 6 7 1
t # 320
v 0 1
v 1 1
v 2 0
v 3 0
v 4 0
v 5 0
v 6 0
e 0 1 1
e 0 2 2
e 0 3 2
e 0 4 2
e 0 5 1
e 0 6 1
e 2 3 1
e 2 4 2
e 2 5 2
e 2 6 1
e 3 4 1
e 4 5 2
e 4 6 1
t # 321
v 0 1
v 1 1
v 2 1
v 3 2
v 4 0
v 5 0
v 6 0
v 7 0
e 0 1 2
e 0 2 3
e 0 3 2
e 0 4 2
e 0 5 1
e 1 2 2
e 2 3 1
e 3 4 2
e 3 5 2
e 3 7 2
e 4 6 2
e 4 5 2
e 4 7 2
e 5 7 2
e 6 7 1
t # 322
v 0 1
v 1 1
v 2 0
v 3 0
v 4 2
v 5 1
v 6 0
v 7 0
v 8 2
e 0 1 2
e 0 2 3
e 0 3 2
e 0 4 2
e 0 5 2
e 0 6 1
e 1 2 2
e 2 4 2
e 2 5 1
e 2 3 2
e 2 6 1
e 3 7 2
e 3 5 1
e 3 4 2
e 3 6 2
e 3 8 1
e 4 5 1
e 4 6 1
e 5 7 1
t # 323
v 0 0
v 1 0
v 2 0
v 3 0
v 4 1
v 5 0
v 6 1
v 7 1
v 8 0
e 0 1 2
e 0 2 2
e 0 3 2
e 0 4 2
e 1 2 2
e 1 4 2
e 1 5 2
e 1 6 1
e 2 4 2
e 2 5 2
e 2 6 1
e 3 6 2
e 3 4 1
e 3 7 1
e 4 6 2
e 4 7 2
e 4 5 1
e 5 6 1
e 6 7 2
e 6 8 1
e 7 8 1
t # 324
v 0 0
v 1 1
v 2 0
v 3 0
v 4 0
v 5 1
v 6 2
v 7 2
v 8 0
e 0 1 3
e 0 2 3
e 0 3 3
e 0 4 3
e 0 5 2
e 0 6 1
e 0 7 1
e 1 2 2
e 1 3 2
e 1 4 2
e 2 3 2
e 2 4 2
e 2 8 1
e 2 7 1
e 3 4 3
e 3 5 1
e 3 8 1
e 4 5 1
e 4 8 1
t # 325
v 0 0
v 1 0
v 2 0
v 3 0
v 4 0
v 5 1
v 6 0
v 7 1
e 0 1 3
e 0 2 2
e 0 3 2
e 0 4 1
e 0 5 2
e 0 6 2
e 1 3 3
e 1 4 1
e 1 5 2
e 1 2 2
e 1 6 2
e 2 3 2
e 2 5 2
e 2 6 2
e 3 4 1
e 3 5 3
e 3 6 2
e 4 5 1
e 5 7 2
e 5 6 2
e 6 7 1
t # 326
v 0 0
v 1 1
v 2 1
v 3 0
v 4 0
v 5 1
v 6 0
v 7 2
v 8 0
e 0 1 1
e 1 2 3
e 1 3 2
e 1 4 2
e 1 5 1
e 2 3 3
e 2 4 2
e 2 6 1
e 2 7 2
e 2 5 1
e 3 5 2
e 3 8 1
e 3 4 2
e 3 6 1
e 3 7 3
e 4 6 1
e 4 7 2
e 4 5 2
e 5 7 1
e 6 7 1
t # 327
v 0 0
v 1 0
v 2 0
v 3 0
v 4 0
v 5 2
v 6 1
v 7 1
v 8 2
v 9 2
e 0 1 3
e 0 2 2
e 0 3 1
e 0 4 2
e 0 5 1
e 1 2 3
e 1 3 1
e 1 4 2
e 1 6 2
e 1 7 2
e 1 5 2
e 2 3 2
e 2 6 2
e 2 5 2
e 2 8 2
e 2 7 1
e 3 8 1
e 3 6 1
e 3 5 1
e 5 6 2
e 5 7 2
e 5 8 1
e 6 7 2
e 6 8 2
e 6 9 1
e 7 8 1
t # 328
v 0 0
v 1 0
v 2 1
v 3 0
v 4 1
v 5 2
v 6 2
v 7 0
v 8 0
e 0 1 1
e 1 2 2
e 1 3 1
e 1 4 1
e 1 5 1
e 1 6 1
e 1 7 1
e 2 3 1
e 2 8 1
e 2 5 1
e 2 6 1
e 2 7 1
e 5 8 1
e 5 6 2
e 6 8 1
t # 329
v 0 2
v 1 0
v 2 1
v 3 1
v 4 1
e 0 1 2
e 0 2 2
e 0 3 2
e 1 2 2
e 1 3 2
e 2 4 1
e 2 3 2
t # 330
v 0 0
v 1 1
v 2 2
v 3 0
v 4 0
v 5 0
v 6 2
v 7 0
e 0 1 2
e 0 2 2
e 0 3 2
e 0 4 2
e 0 5 1
e 1 2 2
e 1 3 1
e 1 4 1
e 2 3 1
e 2 4 1
e 2 6 1
e 2 7 1
e 3 4 2
e 3 5 1
e 4 5 1
t # 331
v 0 0
v 1 0
v 2 1
v 3 2
v 4 2
v 5 0
v 6 1
v 7 1
v 8 0
e 0 1 2
e 0 2 2
e 1 2 2
e 2 3 2
e 2 4 2
e 2 5 1
e 2 6 2
e 2 7 1
e 2 8 1
e 3 4 2
e 3 5 1
e 3 8 1
e 3 6 1
e 4 5 1
e 4 8 1
e 4 6 1
e 6 7 1
e 6 8 1
t # 332
v 0 1
v 1 2
v 2 2
v 3 1
v 4 0
v 5 0
v 6 0
v 7 1
v 8 0
v 9 0
v 10 0
e 0 1 1
e 0 2 2
e 0 3 1
e 0 4 2
e 0 5 1
e 0 6 2
e 0 7 1
e 2 3 2
e 2 4 2
e 2 5 1
e 2 6 2
e 2 7 2
e 2 8 1
e 2 9 1
e 2 10 1
e 3 7 1
e 3 8 1
e 4 5 1
e 4 6 1
e 6 7 1
e 6 9 1
e 6 10 1
t # 333
v 0 0
v 1 2
v 2 0
v 3 2
v 4 2
e 0 1 2
e 0 2 2
e 0 3 2
e 0 4 1
e 1 2 3
e 1 3 2
e 1 4 2
e 2 3 2
e 2 4 2
e 3 4 1
t # 334
v 0 2
v 1 1
v 2 0
v 3 2
v 4 2
v 5 2
v 6 1
v 7 0
e 0 1 2
e 0 2 1
e 0 3 1
e 1 3 3
e 1 2 3
e 1 4 2
e 1 5 1
e 1 6 1
e 1 7 1
e 2 3 3
e 2 4 1
e 2 7 1
e 3 4 1
e 3 5 1
e 3 6 1
e 3 7 1
t # 335
v 0 1
v 1 1
v 2 1
v 3 0
v 4 2
v 5 1
v 6 1
v 7 2
v 8 2
e 0 1 1
e 0 2 3
e 0 3 3
e 0 4 2
e 0 5 1
e 0 6 1
e 2 3 3
e 2 4 2
e 2 5 1
e 2 6 2
e 2 7 1
e 3 8 1
e 3 4 2
e 3 5 1
e 3 6 1
e 4 6 1
e 6 7 1
t # 336
v 0 0
v 1 0
v 2 0
v 3 0
v 4 0
v 5 2
v 6 0
v 7 2
v 8 0
e 0 1 2
e 0 2 3
e 0 3 2
e 0 4 1
e 0 5 2
e 0 6 1
e 1 2 2
e 1 3 1
e 2 3 2
e 2 4 1
e 2 6 2
e 2 5 2
e 2 7 2
e 2 8 1
e 5 6 2
e 5 7 1
e 6 7 2
e 6 8 1
e 7 8 1
t # 337
v 0 0
v 1 1
v 2 2
v 3 0
v 4 0
v 5 2
v 6 2
v 7 0
v 8 1
v 9 1
e 0 1 2
e 0 2 3
e 0 3 2
e 0 4 2
e 0 5 1
e 0 6 1
e 0 7 1
e 1 2 2
e 1 3 1
e 1 4 1
e 2 3 2
e 2 4 2
e 2 5 1
e 2 8 1
e 2 9 1
e 2 6 1
e 2 7 1
e 3 5 1
e 4 7 1
e 8 9 1
t # 338
v 0 0
v 1 2
v 2 2
v 3 2
v 4 1
v 5 2
v 6 0
v 7 1
v 8 2
v 9 2
e 0 1 1
e 0 2 1
e 0 3 2
e 0 4 1
e 0 5 1
e 0 6 2
e 0 7 1
e 1 2 1
e 3 5 2
e 3 4 2
e 3 8 2
e 3 9 1
e 3 6 2
e 3 7 1
e 4 5 2
e 6 8 1
e 6 7 1
e 8 9 1
t # 339
v 0 1
v 1 1
v 2 0
v 3 0
v 4 0
e 0 1 2
e 0 2 3
e 0 3 3
e 0 4 2
e 1 4 2
e 1 2 1
e 2 3 2
e 2 4 2
e 3 4 2
t # 340
v 0 0
v 1 0
v 2 1
v 3 0
v 4 1
v 5 1
v 6 1
v 7 2
v 8 2
v 9 0
v 10 1
v 11 1
e 0 1 2
e 0 2 1
e 0 3 2
e 0 4 1
e 0 5 2
e 0 6 1
e 0 7 1
e 1 4 2
e 1 5 1
e 1 2 2
e 2 3 2
e 2 8 2
e 2 5 2
e 2 4 2
e 2 9 1
e 3 5 1
e 3 6 1
e 3 4 1
e 4 8 1
e 4 10 2
e 4 5 2
e 4 6 3
e 4 9 2
e 5 10 1
e 5 6 2
e 5 7 1
e 5 11 1
e 6 8 1
e 6 10 2
e 6 7 1
e 6 11 1
t # 341
v 0 0
v 1 0
v 2 0
v 3 0
v 4 0
v 5 0
v 6 1
v 7 0
e 0 1 3
e 0 2 2
e 0 3 2
e 0 4 2
e 0 5 1
e 0 6 1
e 1 2 2
e 1 3 3
e 1 4 2
e 1 5 1
e 1 6 1
e 2 7 2
e 2 3 2
e 2 6 2
e 2 5 2
e 2 4 2
e 3 7 1
e 3 4 2
e 3 6 2
e 3 5 1
e 4 5 2
t # 342
v 0 1
v 1 1
v 2 0
v 3 0
v 4 0
v 5 0
v 6 0
v 7 0
v 8 0
v 9 2
v 10 0
e 0 1 2
e 0 2 2
e 0 3 2
e 1 2 1
e 2 4 2
e 2 5 2
e 2 3 2
e 2 6 3
e 2 7 3
e 2 8 2
e 2 9 1
e 2 10 1
e 3 4 1
e 3 6 1
e 3 7 1
e 5 6 2
e 5 7 2
e 5 8 1
e 6 7 3
e 6 8 2
e 6 9 1
e 7 8 2
e 7 9 1
e 8 9 1
t # 343
v 0 1
v 1 1
v 2 1
v 3 0
v 4 0
v 5 2
v 6 0
v 7 0
v 8 1
v 9 0
v 10 1
e 0 1 2
e 0 2 3
e 0 3 2
e 0 4 2
e 0 5 1
e 0 6 2
e 0 7 1
e 0 8 1
e 1 2 1
e 2 4 2
e 2 6 1
e 3 6 2
e 3 7 2
e 4 5 2
e 4 9 1
e 4 6 2
e 5 9 2
e 5 6 1
e 6 8 2
e 6 7 2
e 8 10 1
t # 344
v 0 1
v 1 2
v 2 1
v 3 0
v 4 1
v 5 2
v 6 2
v 7 0
v 8 0
v 9 1
e 0 1 2
e 0 2 2
e 0 3 2
e 0 4 2
e 1 3 1
e 1 5 1
e 1 6 1
e 3 7 2
e 3 5 2
e 3 6 1
e 3 8 1
e 3 4 2
e 4 5 2
e 4 9 2
e 5 6 1
e 5 8 1
t # 345
v 0 2
v 1 1
v 2 1
v 3 0
v 4 1
v 5 0
v 6 2
v 7 2
v 8 2
v 9 2
v 10 0
v 11 0
v 12 0
v 13 0
v 14 0
e 0 1 1
e 0 2 1
e 1 2 2
e 1 3 2
e 1 4 1
e 1 5 1
e 1 6 1
e 1 7 1
e 1 8 1
e 1 9 1
e 1 10 2
e 1 11 1
e 2 3 2
e 2 6 1
e 2 7 1
e 2 8 1
e 2 9 1
e 2 11 1
e 3 11 2
e 3 12 1
e 3 13 1
e 3 14 1
e 3 4 1
e 3 10 1
e 3 5 1
e 5 10 1
e 6 7 1
e 6 8 1
e 6 9 1
e 7 8 1
e 7 9 1
e 8 9 1
e 11 12 1
e 11 13 1
e 11 14 1
e 12 13 1
e 12 14 1
e 13 14 1
t # 346
v 0 1
v 1 2
v 2 1
v 3 1
v 4 1
v 5 1
v 6 1
v 7 1
v 8 1
v 9 1
v 10 2
e 0 1 2
e 0 2 2
e 0 3 2
e 0 4 1
e 0 5 1
e 1 3 1
e 1 2 1
e 1 5 1
e 2 3 2
e 2 5 2
e 2 6 1
e 2 7 1
e 3 5 2
e 3 4 2
e 3 8 1
e 3 6 1
e 3 7 1
e 4 5 1
e 5 9 1
e 5 10 1
e 5 6 1
e 5 7 1
e 6 7 1
t # 347
v 0 0
v 1 2
v 2 2
v 3 0
v 4 0
v 5 0
v 6 0
v 7 0
v 8 2
v 9 0
e 0 1 1
e 0 2 1
e 0 3 1
e 0 4 1
e 0 5 1
e 0 6 1
e 0 7 1
e 0 8 1
e 0 9 1
e 1 2 1
e 1 3 1
e 1 4 1
e 1 5 1
e 1 6 1
e 1 7 1
e 1 8 1
e 1 9 1
e 2 3 1
e 2 4 1
e 2 5 1
e 2 6 1
e 2 7 1
e 2 8 1
e 2 9 1
e 3 4 1
e 3 5 1
e 3 6 1
e 3 7 1
e 3 8 1
e 3 9 1
e 4 5 1
e 4 6 1
e 4 7 1
e 4 8 1
e 4 9 1
e 5 6 1
e 5 7 1
e 5 8 1
e 5 9 1
e 6 7 1
e 6 8 1
e 6 9 1
e 7 8 1
e 7 9 1
e 8 9 1
t # 348
v 0 1
v 1 1
v 2 0
v 3 0
v 4 2
v 5 1
v 6 0
v 7 0
v 8 1
e 0 1 2
e 0 2 2
e 0 3 1
e 0 4 2
e 0 5 1
e 0 6 1
e 2 4 2
e 2 5 1
e 2 3 2
e 2 6 1
e 3 4 2
e 3 5 2
e 3 6 2
e 3 7 1
e 4 5 2
e 4 7 2
e 4 6 2
e 5 8 2
e 5 6 2
e 6 7 1
t # 349
v 0 0
v 1 0
v 2 1
v 3 1
v 4 0
v 5 0
v 6 0
v 7 2
v 8 2
v 9 2
v 10 2
v 11 0
e 0 1 1
e 0 2 1
e 0 3 1
e 0 4 1
e 1 5 1
e 1 6 1
e 1 4 1
e 1 7 1
e 1 8 1
e 2 4 1
e 2 3 2
e 2 11 1
e 3 4 1
e 3 11 1
e 4 7 1
e 4 8 1
e 4 5 2
e 4 6 2
e 5 7 1
e 5 8 1
e 5 6 2
e 6 7 1
e 6 8 1
e 7 8 2
e 7 9 2
e 7 10 2
e 8 9 2
e 8 10 2
e 9 10 2
t # 350
v 0 0
v 1 0
v 2 0
v 3 0
v 4 0
v 5 2
v 6 1
e 0 1 2
e 0 2 3
e 0 3 3
e 0 4 2
e 0 5 2
e 1 2 1
e 2 3 2
e 2 4 2
e 2 5 2
e 3 5 3
e 3 6 2
e 3 4 2
e 4 5 3
t # 351
v 0 0
v 1 2
v 2 0
v 3 2
v 4 1
v 5 2
v 6 2
v 7 0
v 8 2
v 9 2
v 10 0
v 11 2
v 12 2
v 13 0
v 14 0
v 15 0
v 16 2
v 17 2
v 18 2
v 19 2
v 20 2
v 21 0
v 22 2
v 23 2
e 0 1 2
e 0 2 1
e 0 3 1
e 0 4 2
e 0 5 1
e 0 6 1
e 0 7 2
e 0 8 1
e 0 9 1
e 0 10 2
e 0 11 1
e 0 12 1
e 1 13 1
e 1 5 2
e 1 6 2
e 2 7 2
e 2 14 2
e 2 15 2
e 4 16 2
e 4 17 1
e 4 18 1
e 5 13 1
e 5 6 2
e 6 13 1
e 7 14 1
e 7 15 1
e 7 8 1
e 7 9 1
e 8 9 1
e 10 11 1
e 10 12 1
e 11 12 1
e 13 19 1
e 13 20 1
e 13 21 1
e 14 15 2
e 15 21 1
e 15 22 1
e 17 18 1
e 19 20 1
e 21 22 2
e 21 23 2
e 22 23 2
t # 352
v 0 1
v 1 1
v 2 1
v 3 0
v 4 0
v 5 0
v 6 2
v 7 0
e 0 1 3
e 0 2 3
e 0 3 2
e 0 4 3
e 0 5 2
e 0 6 1
e 0 7 1
e 1 2 2
e 1 6 1
e 3 7 2
e 3 4 2
e 4 5 3
e 4 7 1
t # 353
v 0 0
v 1 0
v 2 2
v 3 2
v 4 0
v 5 0
v 6 0
v 7 0
v 8 0
v 9 2
v 10 0
v 11 1
v 12 2
v 13 0
v 14 2
v 15 0
v 16 2
v 17 1
v 18 1
e 0 1 1
e 0 2 1
e 0 3 1
e 0 4 1
e 0 5 1
e 0 6 2
e 0 7 2
e 0 8 2
e 0 9 2
e 0 10 2
e 0 11 2
e 0 12 1
e 0 13 1
e 0 14 1
e 1 2 1
e 1 3 1
e 1 4 1
e 1 5 1
e 2 3 1
e 2 4 1
e 2 5 1
e 2 15 1
e 2 16 1
e 3 4 1
e 3 5 1
e 4 5 1
e 6 11 1
e 6 7 2
e 6 8 2
e 6 9 2
e 6 10 2
e 6 12 1
e 6 13 1
e 7 11 1
e 7 8 2
e 7 9 2
e 7 10 2
e 7 12 1
e 7 13 1
e 8 11 1
e 8 9 2
e 8 10 2
e 8 12 1
e 8 13 1
e 9 11 2
e 9 14 2
e 9 16 1
e 9 10 2
e 9 13 1
e 10 11 2
e 10 14 2
e 10 16 1
e 10 13 1
e 11 14 2
e 11 16 2
e 11 12 1
e 13 17 1
e 13 18 1
e 14 16 2
e 15 16 1
e 17 18 2
t # 354
v 0 0
v 1 0
v 2 1
v 3 0
v 4 0
v 5 0
v 6 0
v 7 1
v 8 0
v 9 2
e 0 1 2
e 0 2 2
e 0 3 2
e 0 4 2
e 0 5 1
e 0 6 1
e 0 7 1
e 1 3 2
e 1 4 1
e 1 6 1
e 2 7 2
e 2 4 2
e 2 3 1
e 2 5 2
e 2 6 2
e 2 8 1
e 3 4 1
e 3 9 1
e 4 7 1
e 6 7 1
t # 355
v 0 0
v 1 0
v 2 1
v 3 0
v 4 0
v 5 1
v 6 0
v 7 2
v 8 0
e 0 1 1
e 0 2 1
e 1 2 2
e 1 3 2
e 1 4 1
e 2 5 2
e 2 4 2
e 2 3 1
e 2 6 1
e 3 7 1
e 3 8 1
e 3 4 2
e 4 6 2
e 7 8 1
t # 356
v 0 0
v 1 0
v 2 1
v 3 1
v 4 2
v 5 0
v 6 0
v 7 0
v 8 0
v 9 0
e 0 1 2
e 0 2 2
e 0 3 1
e 1 4 2
e 1 5 2
e 1 3 2
e 1 6 2
e 1 7 2
e 1 2 2
e 1 8 2
e 1 9 1
e 2 5 1
e 3 6 1
e 4 5 1
e 4 7 1
e 4 9 1
e 4 8 1
e 6 7 1
e 7 9 1
e 7 8 1
e 8 9 1
t # 357
v 0 1
v 1 0
v 2 2
v 3 0
v 4 2
v 5 2
v 6 0
v 7 0
v 8 0
e 0 1 2
e 0 2 2
e 0 3 2
e 0 4 1
e 0 5 1
e 0 6 1
e 1 2 2
e 1 3 2
e 1 4 1
e 2 3 2
e 2 4 1
e 2 5 2
e 2 7 1
e 2 8 2
e 2 6 1
e 3 4 1
e 5 7 1
e 5 8 1
e 5 6 1
e 7 8 1
t # 358
v 0 0
v 1 0
v 2 0
v 3 0
v 4 2
v 5 1
v 6 1
v 7 2
v 8 0
e 0 1 1
e 0 2 1
e 0 3 2
e 0 4 1
e 0 5 1
e 0 6 1
e 0 7 1
e 1 2 1
e 1 3 1
e 1 4 1
e 2 3 1
e 2 4 1
e 3 4 1
e 3 5 2
e 3 7 2
e 3 6 2
e 5 7 2
e 5 6 2
e 5 8 2
e 6 7 2
e 6 8 1
e 7 8 2
t # 359
v 0 1
v 1 0
v 2 1
v 3 2
v 4 0
v 5 2
v 6 1
v 7 2
v 8 0
v 9 0
v 10 1
v 11 2
v 12 0
e 0 1 1
e 0 2 3
e 0 3 1
e 0 4 1
e 0 5 1
e 0 6 2
e 0 7 1
e 0 8 1
e 0 9 1
e 0 10 2
e 1 8 2
e 1 11 2
e 1 9 2
e 1 6 2
e 1 4 1
e 1 12 1
e 2 3 1
e 2 10 1
e 2 6 1
e 4 8 1
e 4 5 1
e 4 12 1
e 4 9 1
e 4 6 2
e 8 11 1
e 8 12 1
e 8 9 2
e 9 11 1
e 9 12 1
t # 360
v 0 1
v 1 0
v 2 0
v 3 1
v 4 0
v 5 1
v 6 0
v 7 0
v 8 0
v 9 0
e 0 1 2
e 0 2 1
e 0 3 1
e 0 4 2
e 0 5 2
e 0 6 1
e 1 4 2
e 1 7 1
e 1 2 2
e 1 5 1
e 1 6 1
e 1 8 1
e 2 4 2
e 2 9 1
e 2 8 1
e 3 4 2
e 3 9 1
e 4 7 1
e 4 9 2
e 4 8 2
e 4 6 2
e 4 5 1
e 5 6 1
e 6 9 1
e 6 8 1
e 8 9 2
t # 361
v 0 0
v 1 0
v 2 0
v 3 1
v 4 0
v 5 2
v 6 0
v 7 0
v 8 0
v 9 1
v 10 1
v 11 0
e 0 1 2
e 0 2 1
e 0 3 3
e 0 4 2
e 0 5 1
e 0 6 2
e 0 7 1
e 0 8 1
e 1 2 1
e 1 3 1
e 2 3 2
e 2 9 1
e 2 7 1
e 3 4 2
e 3 8 1
e 3 5 1
e 3 7 2
e 3 6 1
e 3 9 2
e 4 8 2
e 4 10 1
e 4 5 2
e 5 8 1
e 6 8 2
e 6 10 2
e 6 7 2
e 6 11 1
e 7 8 2
e 7 10 2
e 7 11 1
e 7 9 2
e 8 10 2
e 8 11 1
e 10 11 1
t # 362
v 0 2
v 1 0
v 2 0
v 3 0
v 4 1
v 5 0
v 6 1
v 7 2
v 8 1
v 9 2
v 10 2
v 11 2
v 12 2
v 13 0
v 14 1
v 15 0
e 0 1 1
e 0 2 1
e 0 3 2
e 0 4 1
e 0 5 2
e 0 6 2
e 0 7 2
e 0 8 2
e 0 9 1
e 0 10 1
e 0 11 1
e 1 2 1
e 1 5 1
e 1 4 1
e 3 5 3
e 3 4 2
e 3 12 1
e 3 9 1
e 3 7 1
e 3 10 1
e 3 13 1
e 4 5 3
e 4 12 1
e 4 6 1
e 4 14 2
e 4 13 2
e 4 15 1
e 5 12 1
e 5 9 1
e 5 7 1
e 5 10 1
e 5 13 2
e 5 14 1
e 6 7 2
e 6 8 2
e 6 11 1
e 6 14 1
e 6 15 1
e 7 8 2
e 7 9 1
e 7 10 1
e 7 11 1
e 8 11 1
e 9 10 1
e 13 14 2
e 14 15 1
t # 363
v 0 0
v 1 0
v 2 0
v 3 0
v 4 1
v 5 0
v 6 1
v 7 1
v 8 1
v 9 0
e 0 1 2
e 1 2 2
e 1 3 1
e 1 4 1
e 1 5 1
e 1 6 1
e 1 7 1
e 1 8 1
e 1 9 1
e 2 9 1
e 4 5 2
e 4 8 2
e 4 6 2
e 4 7 2
e 5 8 3
e 5 9 2
e 5 6 2
e 5 7 2
e 6 8 2
e 6 7 3
e 7 8 2
t # 364
v 0 0
v 1 1
v 2 1
v 3 2
v 4 0
v 5 0
v 6 1
v 7 0
v 8 0
v 9 0
e 0 1 2
e 0 2 2
e 0 3 1
e 0 4 2
e 0 5 2
e 0 6 1
e 0 7 2
e 0 8 1
e 1 2 2
e 1 3 1
e 1 5 2
e 1 6 2
e 1 8 2
e 1 9 2
e 1 4 2
e 1 7 1
e 2 3 1
e 2 5 2
e 2 8 1
e 2 7 1
e 4 5 2
e 4 8 2
e 4 9 1
e 4 7 2
e 5 7 2
e 5 8 2
e 5 6 1
e 6 7 1
e 7 8 2
e 8 9 2
t # 365
v 0 2
v 1 0
v 2 0
v 3 0
v 4 1
v 5 0
v 6 2
v 7 0
e 0 1 2
e 0 2 2
e 0 3 2
e 0 4 2
e 0 5 2
e 1 5 2
e 1 3 1
e 3 5 2
e 3 4 2
e 4 5 2
e 4 6 1
e 5 7 2
t # 366
v 0 1
v 1 1
v 2 0
v 3 0
v 4 0
v 5 0
v 6 0
e 0 1 2
e 0 2 2
e 0 3 1
e 1 2 2
e 2 3 2
e 2 4 1
e 2 5 1
e 2 6 2
e 3 6 1
e 4 5 1
t # 367
v 0 0
v 1 0
v 2 0
v 3 0
v 4 0
v 5 0
v 6 1
v 7 1
e 0 1 2
e 0 2 1
e 0 3 2
e 0 4 2
e 0 5 2
e 1 4 2
e 1 6 1
e 1 7 1
e 3 4 2
e 4 6 2
e 4 5 2
e 6 7 2
t # 368
v 0 1
v 1 1
v 2 0
v 3 0
v 4 1
v 5 0
v 6 2
v 7 0
e 0 1 2
e 1 2 2
e 1 3 1
e 1 4 2
e 2 5 2
e 2 6 1
e 2 3 2
e 2 4 2
e 3 6 1
e 3 7 2
e 3 4 2
e 4 5 1
e 4 6 1
t # 369
v 0 0
v 1 0
v 2 0
v 3 0
e 0 1 2
e 0 2 2
e 1 2 2
e 2 3 1
t # 370
v 0 0
v 1 1
v 2 0
v 3 0
v 4 0
v 5 2
v 6 1
v 7 1
v 8 1
v 9 0
v 10 0
v 11 2
e 0 1 2
e 0 2 2
e 0 3 3
e 0 4 2
e 0 5 2
e 0 6 2
e 0 7 2
e 0 8 2
e 0 9 2
e 0 10 1
e 1 2 2
e 1 11 1
e 1 7 2
e 1 10 2
e 1 9 2
e 1 6 2
e 1 3 1
e 1 8 1
e 2 5 1
e 2 11 1
e 2 8 2
e 2 3 2
e 2 9 2
e 2 7 2
e 2 10 2
e 2 6 1
e 3 4 2
e 3 8 1
e 3 9 2
e 3 10 1
e 3 7 1
e 3 6 1
e 4 5 1
e 4 6 1
e 5 11 2
e 5 8 1
e 5 7 2
e 5 6 2
e 6 8 1
e 6 7 3
e 6 9 2
e 6 10 1
e 7 11 2
e 7 8 1
e 7 10 2
e 7 9 2
e 8 11 2
e 8 9 1
e 9 10 2
t # 371
v 0 1
v 1 2
v 2 0
v 3 2
v 4 1
v 5 2
v 6 2
v 7 1
v 8 2
v 9 2
v 10 2
v 11 2
v 12 0
v 13 2
v 14 2
e 0 1 1
e 0 2 1
e 0 3 1
e 0 4 1
e 1 2 1
e 1 5 1
e 1 6 1
e 1 3 2
e 1 7 1
e 1 8 1
e 1 9 1
e 1 10 1
e 1 4 1
e 3 11 2
e 3 5 1
e 3 6 1
e 3 7 2
e 3 4 2
e 3 12 1
e 3 13 1
e 3 14 1
e 3 8 1
e 4 11 1
e 4 7 2
e 4 12 1
e 4 13 1
e 4 14 1
e 4 9 1
e 4 10 1
e 5 6 1
e 7 11 1
e 7 8 1
e 9 10 1
e 12 13 1
e 12 14 1
e 13 14 1
t # 372
v 0 0
v 1 0
v 2 1
v 3 1
v 4 0
v 5 0
v 6 1
v 7 2
v 8 2
e 0 1 1
e 0 2 3
e 0 3 2
e 0 4 1
e 0 5 2
e 0 6 3
e 0 7 1
e 0 8 1
e 2 6 2
e 2 5 1
e 2 3 2
e 3 6 1
e 3 5 1
e 3 4 1
e 5 6 2
e 7 8 1
t # 373
v 0 0
v 1 1
v 2 0
v 3 1
v 4 0
v 5 0
v 6 0
v 7 0
v 8 1
e 0 1 2
e 0 2 2
e 0 3 2
e 0 4 2
e 0 5 1
e 1 6 2
e 1 2 2
e 1 7 1
e 1 3 1
e 1 4 1
e 2 3 2
e 3 7 1
e 3 8 1
t # 374
v 0 2
v 1 2
v 2 2
v 3 2
v 4 1
v 5 0
v 6 0
v 7 1
v 8 2
v 9 2
v 10 2
v 11 2
v 12 2
v 13 2
v 14 2
v 15 2
v 16 2
v 17 0
v 18 2
e 0 1 1
e 0 2 1
e 0 3 1
e 0 4 1
e 0 5 1
e 1 2 1
e 1 3 1
e 1 4 1
e 1 5 1
e 2 3 1
e 2 4 1
e 2 5 1
e 2 6 2
e 2 7 2
e 2 8 1
e 2 9 1
e 2 10 1
e 2 11 1
e 2 12 1
e 2 13 1
e 2 14 2
e 2 15 1
e 2 16 1
e 2 17 2
e 3 4 1
e 3 5 1
e 4 5 1
e 6 17 2
e 6 7 2
e 6 8 1
e 6 9 1
e 6 10 1
e 6 11 1
e 6 12 1
e 6 14 2
e 7 17 2
e 7 8 1
e 7 9 1
e 7 10 1
e 7 13 2
e 7 18 1
e 7 11 1
e 7 12 1
e 7 14 2
e 8 9 1
e 8 10 1
e 9 10 1
e 11 12 1
e 13 18 1
e 14 17 2
e 14 15 1
e 14 16 1
e 15 17 1
e 15 16 1
e 16 17 1
t # 375
v 0 1
v 1 1
v 2 1
v 3 2
v 4 0
v 5 2
v 6 1
v 7 1
v 8 0
v 9 2
v 10 2
v 11 0
v 12 1
v 13 2
v 14 2
v 15 2
v 16 2
v 17 1
v 18 2
v 19 2
v 20 0
v 21 0
v 22 0
v 23 2
v 24 0
e 0 1 2
e 0 2 1
e 0 3 1
e 0 4 1
e 0 5 1
e 1 2 1
e 1 3 1
e 2 3 1
e 3 6 2
e 3 7 1
e 3 8 1
e 4 5 1
e 5 8 1
e 5 9 1
e 5 10 1
e 5 11 2
e 5 12 1
e 5 13 1
e 5 14 1
e 5 6 2
e 5 15 1
e 5 16 1
e 5 17 1
e 5 18 1
e 5 19 1
e 5 20 1
e 5 7 1
e 6 21 2
e 6 8 2
e 6 22 1
e 6 9 1
e 6 7 3
e 6 11 2
e 6 23 1
e 6 24 1
e 6 15 1
e 7 8 2
e 7 11 2
e 7 20 1
e 8 21 1
e 8 9 2
e 8 10 1
e 8 22 1
e 8 11 1
e 9 21 1
e 9 10 1
e 9 22 1
e 11 12 1
e 11 13 1
e 11 14 1
e 11 15 1
e 11 16 1
e 11 17 1
e 11 18 1
e 11 19 1
e 11 20 1
e 12 13 1
e 12 14 1
e 13 14 1
e 16 17 1
e 16 18 1
e 17 18 1
e 21 22 1
e 23 24 1
t # 376
v 0 2
v 1 0
v 2 1
v 3 0
v 4 1
v 5 1
v 6 0
v 7 1
v 8 1
e 0 1 2
e 0 2 3
e 0 3 1
e 0 4 2
e 0 5 2
e 0 6 1
e 1 4 1
e 2 3 1
e 2 6 2
e 2 5 2
e 2 4 1
e 2 7 1
e 4 5 1
e 4 7 2
e 5 8 2
t # 377
v 0 1
v 1 0
v 2 0
v 3 0
v 4 2
v 5 0
v 6 2
v 7 1
v 8 0
v 9 1
e 0 1 2
e 0 2 2
e 0 3 2
e 0 4 1
e 0 5 1
e 1 2 2
e 1 6 1
e 1 7 1
e 2 7 2
e 2 6 1
e 2 8 2
e 2 5 2
e 2 3 2
e 3 7 2
e 3 5 2
e 3 8 2
e 5 7 2
e 5 8 1
e 6 7 1
e 7 9 1
e 7 8 2
t # 378
v 0 0
v 1 0
v 2 0
v 3 0
v 4 2
v 5 2
v 6 0
v 7 2
v 8 2
v 9 1
v 10 0
v 11 0
e 0 1 3
e 0 2 3
e 0 3 2
e 0 4 2
e 0 5 1
e 0 6 2
e 0 7 2
e 0 8 1
e 0 9 1
e 1 2 3
e 1 3 2
e 1 4 2
e 1 5 1
e 1 6 2
e 1 7 2
e 1 8 1
e 1 9 1
e 2 3 2
e 2 4 2
e 2 5 1
e 2 6 2
e 2 7 2
e 2 8 1
e 2 9 1
e 3 4 2
e 3 5 1
e 3 6 2
e 3 10 1
e 3 7 2
e 3 9 2
e 3 11 1
e 3 8 2
e 4 5 1
e 4 6 1
e 4 7 1
e 4 8 1
e 4 9 1
e 6 10 1
e 6 9 2
e 6 7 2
e 6 11 1
e 6 8 2
e 7 9 2
e 7 11 1
e 7 8 2
e 8 9 2
e 8 11 1
e 9 11 1
t # 379
v 0 0
v 1 0
v 2 0
v 3 1
v 4 2
v 5 1
v 6 0
v 7 0
v 8 2
v 9 2
e 0 1 2
e 0 2 3
e 0 3 1
e 0 4 1
e 0 5 1
e 1 2 3
e 1 3 3
e 1 5 2
e 1 6 1
e 1 7 1
e 2 3 3
e 2 5 3
e 2 4 1
e 2 7 2
e 2 6 1
e 3 8 2
e 3 5 2
e 3 7 1
e 3 6 1
e 5 9 2
e 5 6 2
t # 380
v 0 1
v 1 1
v 2 1
v 3 1
v 4 0
v 5 1
v 6 0
v 7 1
e 0 1 2
e 0 2 1
e 1 3 1
e 1 2 3
e 1 4 1
e 1 5 2
e 1 6 3
e 2 4 2
e 2 6 2
e 2 5 2
e 3 6 1
e 3 5 1
e 4 5 2
e 4 6 1
e 5 7 2
e 5 6 3
e 6 7 1
t # 381
v 0 0
v 1 0
v 2 1
v 3 0
v 4 0
v 5 0
v 6 0
v 7 1
v 8 1
v 9 1
e 0 1 2
e 0 2 2
e 0 3 2
e 0 4 1
e 0 5 1
e 1 5 2
e 1 2 2
e 1 6 2
e 1 7 2
e 1 3 2
e 1 4 1
e 2 8 2
e 2 3 2
e 2 4 2
e 2 7 1
e 3 4 2
e 4 7 1
e 5 7 2
e 6 7 1
e 7 9 2
t # 382
v 0 1
v 1 0
v 2 2
v 3 2
v 4 0
v 5 0
v 6 1
v 7 2
v 8 2
v 9 2
v 10 2
v 11 2
e 0 1 2
e 0 2 1
e 0 3 2
e 0 4 2
e 0 5 2
e 0 6 2
e 0 7 1
e 1 2 1
e 1 3 2
e 1 4 2
e 1 5 2
e 1 7 1
e 1 6 2
e 1 8 1
e 3 5 2
e 3 4 2
e 3 7 1
e 3 6 1
e 3 9 1
e 3 10 1
e 4 6 3
e 4 5 3
e 4 7 1
e 4 9 1
e 4 10 1
e 4 11 1
e 5 6 2
e 5 7 1
e 5 9 1
e 5 10 1
e 5 11 1
e 5 8 1
e 6 7 1
e 9 10 1
t # 383
v 0 0
v 1 0
v 2 1
v 3 0
v 4 1
v 5 0
v 6 0
v 7 1
e 0 1 2
e 0 2 2
e 0 3 1
e 1 2 2
e 1 4 2
e 1 5 1
e 1 6 1
e 1 7 1
e 2 4 3
e 2 7 2
e 2 6 2
e 4 7 2
e 5 6 2
t # 384
v 0 1
v 1 2
v 2 0
v 3 0
v 4 0
v 5 0
v 6 0
v 7 2
v 8 0
v 9 1
v 10 2
e 0 1 1
e 0 2 2
e 0 3 2
e 0 4 2
e 0 5 1
e 1 2 1
e 2 6 2
e 2 7 1
e 2 4 2
e 2 8 1
e 2 3 2
e 2 5 1
e 3 4 2
e 3 5 1
e 3 6 2
e 4 7 1
e 4 9 1
e 4 5 1
e 4 6 2
e 6 7 1
e 6 8 2
e 6 10 2
e 8 10 2
t # 385
v 0 0
v 1 0
v 2 1
v 3 0
v 4 0
v 5 1
v 6 1
v 7 0
v 8 1
e 0 1 2
e 0 2 2
e 0 3 1
e 1 4 2
e 1 2 3
e 1 5 2
e 1 6 1
e 1 3 1
e 1 7 1
e 2 7 1
e 2 3 2
e 2 5 2
e 2 8 1
e 3 7 1
e 3 5 1
e 4 7 1
e 5 6 2
t # 386
v 0 0
v 1 0
v 2 0
v 3 0
v 4 1
v 5 0
v 6 1
e 0 1 2
e 0 2 2
e 0 3 2
e 0 4 2
e 0 5 1
e 0 6 1
e 1 2 2
e 1 4 2
e 2 4 3
e 2 3 2
e 2 5 2
e 2 6 1
e 3 4 2
e 3 6 1
e 4 6 2
e 4 5 1
t # 387
v 0 1
v 1 1
v 2 0
v 3 0
v 4 0
v 5 0
v 6 0
e 0 1 3
e 0 2 3
e 0 3 2
e 0 4 2
e 0 5 2
e 0 6 1
e 1 2 2
e 1 3 2
e 1 5 2
e 1 6 1
e 2 3 2
e 2 4 1
e 2 5 2
e 3 4 2
e 3 5 2
e 4 5 1
e 5 6 1
t # 388
v 0 0
v 1 0
v 2 0
v 3 0
v 4 1
v 5 0
v 6 2
v 7 2
v 8 2
v 9 1
v 10 2
e 0 1 1
e 0 2 2
e 0 3 1
e 0 4 1
e 1 5 1
e 1 4 3
e 1 6 1
e 1 2 2
e 2 4 2
e 2 3 2
e 3 5 2
e 3 4 2
e 3 8 1
e 4 5 2
e 4 6 1
e 4 9 2
e 4 10 1
e 4 8 1
e 5 7 1
e 5 8 1
t # 389
v 0 0
v 1 0
v 2 0
v 3 1
v 4 1
v 5 0
v 6 0
e 0 1 2
e 0 2 2
e 0 3 2
e 0 4 2
e 0 5 1
e 1 5 1
e 1 4 2
e 2 6 1
e 2 3 2
e 2 4 1
e 2 5 1
e 3 4 3
e 3 5 1
e 4 5 2
t # 390
v 0 0
v 1 0
v 2 0
v 3 1
v 4 0
v 5 1
v 6 2
e 0 1 2
e 0 2 2
e 0 3 2
e 1 4 2
e 1 2 3
e 1 3 2
e 2 3 3
e 3 5 2
e 3 6 1
t # 391
v 0 2
v 1 0
v 2 0
v 3 0
v 4 2
v 5 0
v 6 0
e 0 1 2
e 0 2 2
e 0 3 1
e 0 4 2
e 0 5 2
e 1 2 1
e 1 3 1
e 1 5 3
e 1 6 2
e 1 4 2
e 2 3 1
e 2 4 2
e 4 5 2
e 5 6 3
t # 392
v 0 0
v 1 0
v 2 1
v 3 0
v 4 0
v 5 0
e 0 1 2
e 0 2 3
e 0 3 2
e 0 4 2
e 1 2 2
e 1 4 1
e 2 3 2
e 2 4 2
e 3 4 2
e 4 5 1
t # 393
v 0 0
v 1 0
v 2 2
v 3 2
v 4 2
v 5 0
v 6 2
v 7 1
e 0 1 2
e 0 2 1
e 0 3 1
e 0 4 2
e 0 5 1
e 0 6 2
e 1 2 1
e 1 6 3
e 1 7 2
e 1 4 2
e 3 4 2
e 4 6 2
e 4 5 1
e 6 7 2
t # 394
v 0 0
v 1 1
v 2 0
v 3 0
v 4 1
v 5 0
v 6 0
v 7 0
e 0 1 2
e 0 2 2
e 0 3 1
e 1 4 2
e 1 2 3
e 1 3 2
e 1 5 1
e 2 6 1
e 2 5 2
e 2 7 1
e 2 3 2
e 5 6 1
t # 395
v 0 0
v 1 0
v 2 2
v 3 0
v 4 0
v 5 1
v 6 1
v 7 0
v 8 0
v 9 0
v 10 1
e 0 1 2
e 0 2 2
e 0 3 2
e 0 4 1
e 0 5 2
e 1 2 1
e 1 3 1
e 2 5 2
e 2 6 2
e 2 4 2
e 2 3 2
e 3 4 2
e 3 5 1
e 3 7 1
e 3 8 1
e 4 5 2
e 4 9 1
e 5 10 2
t # 396
v 0 0
v 1 1
v 2 1
v 3 0
v 4 1
v 5 0
v 6 0
v 7 0
v 8 0
e 0 1 2
e 0 2 2
e 0 3 1
e 0 4 2
e 0 5 1
e 2 5 1
e 3 4 1
e 4 6 2
e 4 7 1
e 4 8 1
e 6 7 1
e 6 8 1
e 7 8 1
t # 397
v 0 0
v 1 1
v 2 1
v 3 0
v 4 0
v 5 0
v 6 0
e 0 1 3
e 0 2 3
e 0 3 2
e 0 4 3
e 0 5 3
e 0 6 1
e 1 2 3
e 1 3 2
e 1 5 2
e 1 4 3
e 1 6 1
e 2 3 2
e 2 5 2
e 2 4 3
e 2 6 1
e 3 4 2
e 3 5 2
e 4 5 3
e 4 6 2
e 5 6 2
t # 398
v 0 1
v 1 2
v 2 2
v 3 2
v 4 0
v 5 0
v 6 2
v 7 2
v 8 2
e 0 1 2
e 0 2 3
e 0 3 2
e 0 4 2
e 1 2 3
e 1 3 3
e 1 4 2
e 1 5 3
e 1 6 2
e 1 7 2
e 2 3 3
e 2 4 3
e 2 5 2
e 2 6 2
e 3 4 2
e 3 8 1
e 3 5 3
e 3 6 2
e 3 7 2
e 4 8 1
e 5 6 2
e 5 7 2
e 6 7 2
t # 399
v 0 1
v 1 1
v 2 0
v 3 2
v 4 1
v 5 0
v 6 1
v 7 0
v 8 0
v 9 2
v 10 0
e 0 1 2
e 0 2 1
e 1 3 2
e 1 2 2
e 1 4 1
e 1 5 2
e 2 3 1
e 2 5 2
e 2 7 1
e 2 10 1
e 3 4 2
e 3 6 2
e 3 5 2
e 3 7 1
e 3 8 1
e 4 6 3
e 4 8 2
e 4 9 1
e 4 7 1
e 4 10 1
e 4 5 1
e 5 6 1
e 5 8 2
e 5 7 2
e 5 10 2
e 6 8 2
e 6 9 1
e 6 7 1
e 7 8 2
e 7 10 1
e 8 9 1
e 8 10 1